   1.0000000000000000E-003   2.0000026666712016E-003
   2.0000000000000000E-003   4.0000213334464045E-003
   3.0000000000000001E-003   6.0000720008136074E-003
   4.0000000000000001E-003   8.0001706700288441E-003
   5.0000000000000001E-003   1.0000333343500249E-002
   6.0000000000000001E-003   1.2000576025172099E-002
   7.0000000000000001E-003   1.4000914720909009E-002
   8.0000000000000002E-003   1.6001365438880161E-002
   9.0000000000000011E-003   1.8001944189943699E-002
   1.0000000000000000E-002   2.0002666988030986E-002
   1.0999999999999999E-002   2.2003549850531462E-002
   1.2000000000000000E-002   2.4004608798676944E-002
   1.3000000000000001E-002   2.6005859857926829E-002
   1.4000000000000000E-002   2.8007319058352975E-002
   1.4999999999999999E-002   3.0009002435024825E-002
   1.6000000000000000E-002   3.2010926028395045E-002
   1.7000000000000001E-002   3.4013105884684793E-002
   1.8000000000000002E-002   3.6015558056270006E-002
   1.9000000000000000E-002   3.8018298602066972E-002
   2.0000000000000000E-002   4.0021343587919270E-002
   2.1000000000000001E-002   4.2024709086983920E-002
   2.1999999999999999E-002   4.4028411180118625E-002
   2.3000000000000000E-002   4.6032465956268927E-002
   2.4000000000000000E-002   4.8036889512855389E-002
   2.5000000000000001E-002   5.0041697956162340E-002
   2.6000000000000002E-002   5.2046907401725448E-002
   2.7000000000000000E-002   5.4052533974720256E-002
   2.8000000000000001E-002   5.6058593810351977E-002
   2.9000000000000001E-002   5.8065103054243825E-002
   2.9999999999999999E-002   6.0072077862827956E-002
   3.1000000000000000E-002   6.2079534403734968E-002
   3.2000000000000001E-002   6.4087488856184496E-002
   3.3000000000000002E-002   6.6095957411377582E-002
   3.4000000000000002E-002   6.8104956272886902E-002
   3.5000000000000003E-002   7.0114501657049438E-002
   3.6000000000000004E-002   7.2124609793359648E-002
   3.6999999999999998E-002   7.4135296924861607E-002
   3.7999999999999999E-002   7.6146579308544515E-002
   3.9000000000000000E-002   7.8158473215734492E-002
   4.0000000000000001E-002   8.0170994932491871E-002
   4.1000000000000002E-002   8.2184160760005009E-002
   4.2000000000000003E-002   8.4197987014986972E-002
   4.3000000000000003E-002   8.6212490030072947E-002
   4.3999999999999997E-002   8.8227686154215834E-002
   4.4999999999999998E-002   9.0243591753086119E-002
   4.5999999999999999E-002   9.2260223209469375E-002
   4.7000000000000000E-002   9.4277596923665760E-002
   4.8000000000000001E-002   9.6295729313890452E-002
   4.9000000000000002E-002   9.8314636816674253E-002
   5.0000000000000003E-002  0.10033433588726465     
   5.1000000000000004E-002  0.10235484300002935     
   5.2000000000000005E-002  0.10437617464885714     
   5.2999999999999999E-002  0.10639834734756462     
   5.3999999999999999E-002  0.10842137763029834     
   5.5000000000000000E-002  0.11044528205194125     
   5.6000000000000001E-002  0.11247007718851891     
   5.7000000000000002E-002  0.11449577963760665     
   5.8000000000000003E-002  0.11652240601873762     
   5.9000000000000004E-002  0.11854997297381141     
   5.9999999999999998E-002  0.12057849716750434     
   6.0999999999999999E-002  0.12260799528767935     
   6.2000000000000000E-002  0.12463848404579884     
   6.3000000000000000E-002  0.12666998017733563     
   6.4000000000000001E-002  0.12870250044218862     
   6.5000000000000002E-002  0.13073606162509485     
   6.6000000000000003E-002  0.13277068053604787     
   6.7000000000000004E-002  0.13480637401071166     
   6.8000000000000005E-002  0.13684315891084045     
   6.9000000000000006E-002  0.13888105212469526     
   7.0000000000000007E-002  0.14092007056746608     
   7.1000000000000008E-002  0.14296023118169043     
   7.2000000000000008E-002  0.14500155093767672     
   7.2999999999999995E-002  0.14704404683392666     
   7.3999999999999996E-002  0.14908773589755983     
   7.4999999999999997E-002  0.15113263518473907     
   7.5999999999999998E-002  0.15317876178109696     
   7.6999999999999999E-002  0.15522613280216302     
   7.8000000000000000E-002  0.15727476539379406     
   7.9000000000000001E-002  0.15932467673260242     
   8.0000000000000002E-002  0.16137588402638892     
   8.1000000000000003E-002  0.16342840451457535     
   8.2000000000000003E-002  0.16548225546863812     
   8.3000000000000004E-002  0.16753745419254348     
   8.4000000000000005E-002  0.16959401802318416     
   8.5000000000000006E-002  0.17165196433081847     
   8.6000000000000007E-002  0.17371131051950781     
   8.7000000000000008E-002  0.17577207402755821     
   8.7999999999999995E-002  0.17783427232796312     
   8.8999999999999996E-002  0.17989792292884563     
   8.9999999999999997E-002  0.18196304337390390     
   9.0999999999999998E-002  0.18402965124285911     
   9.1999999999999998E-002  0.18609776415189958     
   9.2999999999999999E-002  0.18816739975413443     
   9.4000000000000000E-002  0.19023857574004177     
   9.5000000000000001E-002  0.19231130983792147     
   9.6000000000000002E-002  0.19438561981435024     
   9.7000000000000003E-002  0.19646152347463555     
   9.8000000000000004E-002  0.19853903866327366     
   9.9000000000000005E-002  0.20061818326440911     
  0.10000000000000001       0.20269897520229260     
  0.10100000000000001       0.20478143244174557     
  0.10200000000000001       0.20686557298862229     
  0.10300000000000001       0.20895141489027527     
  0.10400000000000001       0.21103897623602419     
  0.10500000000000000       0.21312827515762120     
  0.10600000000000000       0.21521932982972433     
  0.10700000000000000       0.21731215847036811     
  0.10800000000000000       0.21940677934143957     
  0.10900000000000000       0.22150321074915147     
  0.11000000000000000       0.22360147104452124     
  0.11100000000000000       0.22570157862385243     
  0.11200000000000000       0.22780355192921040     
  0.11300000000000000       0.22990740944891408     
  0.11400000000000000       0.23201316971801375     
  0.11500000000000000       0.23412085131878063     
  0.11600000000000001       0.23623047288119706     
  0.11700000000000001       0.23834205308344730     
  0.11800000000000001       0.24045561065241000     
  0.11900000000000001       0.24257116436415099     
  0.12000000000000000       0.24468873304442504     
  0.12100000000000000       0.24680833556917262     
  0.12200000000000000       0.24892999086502043     
  0.12300000000000000       0.25105371790978520     
  0.12400000000000000       0.25317953573297941     
  0.12500000000000000       0.25530746341632005     
  0.12600000000000000       0.25743752009423698     
  0.12700000000000000       0.25956972495438380     
  0.12800000000000000       0.26170409723815563     
  0.12900000000000000       0.26384065624120168     
  0.13000000000000000       0.26597942131394603     
  0.13100000000000001       0.26812041186211077     
  0.13200000000000001       0.27026364734723191     
  0.13300000000000001       0.27240914728719451     
  0.13400000000000001       0.27455693125675468     
  0.13500000000000001       0.27670701888806987     
  0.13600000000000001       0.27885942987123424     
  0.13700000000000001       0.28101418395481292     
  0.13800000000000001       0.28317130094637949     
  0.13900000000000001       0.28533080071305572     
  0.14000000000000001       0.28749270318205372     
  0.14100000000000001       0.28965702834122359     
  0.14200000000000002       0.29182379623959920     
  0.14300000000000002       0.29399302698794560     
  0.14400000000000002       0.29616474075931920     
  0.14499999999999999       0.29833895778961750     
  0.14599999999999999       0.30051569837813580     
  0.14699999999999999       0.30269498288813679     
  0.14799999999999999       0.30487683174740121     
  0.14899999999999999       0.30706126544880752     
  0.14999999999999999       0.30924830455088931     
  0.15100000000000000       0.31143796967841514     
  0.15200000000000000       0.31363028152295913     
  0.15300000000000000       0.31582526084347906     
  0.15400000000000000       0.31802292846689689     
  0.15500000000000000       0.32022330528868259     
  0.15600000000000000       0.32242641227343916     
  0.15700000000000000       0.32463227045549081     
  0.15800000000000000       0.32684090093947643     
  0.15900000000000000       0.32905232490094527     
  0.16000000000000000       0.33126656358695089     
  0.16100000000000000       0.33348363831665945     
  0.16200000000000001       0.33570357048194283     
  0.16300000000000001       0.33792638154799853     
  0.16400000000000001       0.34015209305394867     
  0.16500000000000001       0.34238072661346186     
  0.16600000000000001       0.34461230391536424     
  0.16700000000000001       0.34684684672426158     
  0.16800000000000001       0.34908437688116356     
  0.16900000000000001       0.35132491630410728     
  0.17000000000000001       0.35356848698878951     
  0.17100000000000001       0.35581511100919833     
  0.17200000000000001       0.35806481051824868     
  0.17300000000000001       0.36031760774842592     
  0.17400000000000002       0.36257352501242407     
  0.17500000000000002       0.36483258470379532     
  0.17599999999999999       0.36709480929760108     
  0.17699999999999999       0.36936022135106067     
  0.17799999999999999       0.37162884350421604     
  0.17899999999999999       0.37390069848058660     
  0.17999999999999999       0.37617580908783427     
  0.18099999999999999       0.37845419821843562     
  0.18200000000000000       0.38073588885034693     
  0.18300000000000000       0.38302090404768885     
  0.18400000000000000       0.38530926696141338     
  0.18500000000000000       0.38760100082999860     
  0.18600000000000000       0.38989612898012788     
  0.18700000000000000       0.39219467482738429     
  0.18800000000000000       0.39449666187694049     
  0.18900000000000000       0.39680211372426216     
  0.19000000000000000       0.39911105405580877     
  0.19100000000000000       0.40142350664973897     
  0.19200000000000000       0.40373949537661896     
  0.19300000000000000       0.40605904420014183     
  0.19400000000000001       0.40838217717784131     
  0.19500000000000001       0.41070891846181395     
  0.19600000000000001       0.41303929229945202     
  0.19700000000000001       0.41537332303416635     
  0.19800000000000001       0.41771103510612634     
  0.19900000000000001       0.42005245305299682     
  0.20000000000000001       0.42239760151068434     
  0.20100000000000001       0.42474650521408119     
  0.20200000000000001       0.42709918899782118     
  0.20300000000000001       0.42945567779703248     
  0.20400000000000001       0.43181599664810300     
  0.20500000000000002       0.43418017068944381     
  0.20600000000000002       0.43654822516225961     
  0.20700000000000002       0.43892018541131850     
  0.20800000000000002       0.44129607688574402     
  0.20899999999999999       0.44367592513978210     
  0.20999999999999999       0.44605975583360336     
  0.21099999999999999       0.44844759473408924     
  0.21199999999999999       0.45083946771563066     
  0.21299999999999999       0.45323540076093272     
  0.21400000000000000       0.45563541996182211     
  0.21500000000000000       0.45803955152005577     
  0.21600000000000000       0.46044782174814408     
  0.21700000000000000       0.46286025707016937     
  0.21800000000000000       0.46527688402261230     
  0.21900000000000000       0.46769772925518804     
  0.22000000000000000       0.47012281953167862     
  0.22100000000000000       0.47255218173078112     
  0.22200000000000000       0.47498584284694956     
  0.22300000000000000       0.47742382999125083     
  0.22400000000000000       0.47986617039222462     
  0.22500000000000001       0.48231289139674210     
  0.22600000000000001       0.48476402047087863     
  0.22700000000000001       0.48721958520078368     
  0.22800000000000001       0.48967961329356680     
  0.22900000000000001       0.49214413257817446     
  0.23000000000000001       0.49461317100628865     
  0.23100000000000001       0.49708675665321461     
  0.23200000000000001       0.49956491771878936     
  0.23300000000000001       0.50204768252828680     
  0.23400000000000001       0.50453507953332932     
  0.23500000000000001       0.50702713731280680     
  0.23600000000000002       0.50952388457380371     
  0.23700000000000002       0.51202535015252393     
  0.23800000000000002       0.51453156301523428     
  0.23900000000000002       0.51704255225920148     
  0.23999999999999999       0.51955834711364135     
  0.24099999999999999       0.52207897694067407     
  0.24199999999999999       0.52460447123628140     
  0.24299999999999999       0.52713485963128026     
  0.24399999999999999       0.52967017189228560     
  0.24500000000000000       0.53221043792269496     
  0.24600000000000000       0.53475568776367599     
  0.24700000000000000       0.53730595159515127     
  0.24800000000000000       0.53986125973680066     
  0.24900000000000000       0.54242164264906345     
  0.25000000000000000       0.54498713093415141     
  0.25100000000000000       0.54755775533706252     
  0.25200000000000000       0.55013354674660986     
  0.25300000000000000       0.55271453619644773     
  0.25400000000000000       0.55530075486611019     
  0.25500000000000000       0.55789223408205746     
  0.25600000000000001       0.56048900531872248     
  0.25700000000000001       0.56309110019957287     
  0.25800000000000001       0.56569855049817142     
  0.25900000000000001       0.56831138813925375     
  0.26000000000000001       0.57092964519980061     
  0.26100000000000001       0.57355335391012463     
  0.26200000000000001       0.57618254665497015     
  0.26300000000000001       0.57881725597460676     
  0.26400000000000001       0.58145751456593542     
  0.26500000000000001       0.58410335528360935     
  0.26600000000000001       0.58675481114115280     
  0.26700000000000002       0.58941191531209125     
  0.26800000000000002       0.59207470113108551     
  0.26900000000000002       0.59474320209508602     
  0.27000000000000002       0.59741745186447226     
  0.27100000000000002       0.60009748426422349     
  0.27200000000000002       0.60278333328508216     
  0.27300000000000002       0.60547503308472894     
  0.27400000000000002       0.60817261798896893     
  0.27500000000000002       0.61087612249292123     
  0.27600000000000002       0.61358558126221929     
  0.27700000000000002       0.61630102913422058     
  0.27800000000000002       0.61902250111921919     
  0.27900000000000003       0.62175003240167093     
  0.28000000000000003       0.62448365834142971     
  0.28100000000000003       0.62722341447497731     
  0.28200000000000003       0.62996933651669318     
  0.28300000000000003       0.63272146036008459     
  0.28400000000000003       0.63547982207907960     
  0.28500000000000003       0.63824445792928286     
  0.28600000000000003       0.64101540434926985     
  0.28700000000000003       0.64379269796187499     
  0.28800000000000003       0.64657637557549352     
  0.28899999999999998       0.64936647418539339     
  0.28999999999999998       0.65216303097502959     
  0.29099999999999998       0.65496608331738027     
  0.29199999999999998       0.65777566877627980     
  0.29299999999999998       0.66059182510776071     
  0.29399999999999998       0.66341459026142025     
  0.29499999999999998       0.66624400238177806     
  0.29599999999999999       0.66908009980964966     
  0.29699999999999999       0.67192292108353657     
  0.29799999999999999       0.67477250494102070     
  0.29899999999999999       0.67762889032015716     
  0.29999999999999999       0.68049211636090412     
  0.30099999999999999       0.68336222240652889     
  0.30199999999999999       0.68623924800505476     
  0.30299999999999999       0.68912323291069577     
  0.30399999999999999       0.69201421708531408     
  0.30499999999999999       0.69491224069988289     
  0.30599999999999999       0.69781734413595553     
  0.30700000000000000       0.70072956798715824     
  0.30800000000000000       0.70364895306067499     
  0.30900000000000000       0.70657554037875925     
  0.31000000000000000       0.70950937118024460     
  0.31100000000000000       0.71245048692207680     
  0.31200000000000000       0.71539892928084481     
  0.31300000000000000       0.71835474015432843     
  0.31400000000000000       0.72131796166306572     
  0.31500000000000000       0.72428863615191175     
  0.31600000000000000       0.72726680619162420     
  0.31700000000000000       0.73025251458045903     
  0.31800000000000000       0.73324580434576647     
  0.31900000000000001       0.73624671874561032     
  0.32000000000000001       0.73925530127039474     
  0.32100000000000001       0.74227159564450318     
  0.32200000000000001       0.74529564582794050     
  0.32300000000000001       0.74832749601800108     
  0.32400000000000001       0.75136719065094260     
  0.32500000000000001       0.75441477440366822     
  0.32600000000000001       0.75747029219542183     
  0.32700000000000001       0.76053378918950543     
  0.32800000000000001       0.76360531079499117     
  0.32900000000000001       0.76668490266846190     
  0.33000000000000002       0.76977261071575209     
  0.33100000000000002       0.77286848109371731     
  0.33200000000000002       0.77597256021199379     
  0.33300000000000002       0.77908489473479137     
  0.33400000000000002       0.78220553158268513     
  0.33500000000000002       0.78533451793443076     
  0.33600000000000002       0.78847190122878674     
  0.33700000000000002       0.79161772916634510     
  0.33800000000000002       0.79477204971139648     
  0.33900000000000002       0.79793491109377546     
  0.34000000000000002       0.80110636181075090     
  0.34100000000000003       0.80428645062890858     
  0.34200000000000003       0.80747522658606097     
  0.34300000000000003       0.81067273899316328     
  0.34400000000000003       0.81387903743624601     
  0.34500000000000003       0.81709417177835919     
  0.34600000000000003       0.82031819216154256     
  0.34700000000000003       0.82355114900878634     
  0.34800000000000003       0.82679309302602555     
  0.34900000000000003       0.83004407520415813     
  0.35000000000000003       0.83330414682103915     
  0.35100000000000003       0.83657335944353328     
  0.35199999999999998       0.83985176492955793     
  0.35299999999999998       0.84313941543014259     
  0.35399999999999998       0.84643636339151274     
  0.35499999999999998       0.84974266155718348     
  0.35599999999999998       0.85305836297006676     
  0.35699999999999998       0.85638352097459447     
  0.35799999999999998       0.85971818921886989     
  0.35899999999999999       0.86306242165681046     
  0.35999999999999999       0.86641627255033238     
  0.36099999999999999       0.86977979647153092     
  0.36199999999999999       0.87315304830488538     
  0.36299999999999999       0.87653608324948984     
  0.36399999999999999       0.87992895682128081     
  0.36499999999999999       0.88333172485529798     
  0.36599999999999999       0.88674444350795278     
  0.36699999999999999       0.89016716925931416     
  0.36799999999999999       0.89359995891541988     
  0.36899999999999999       0.89704286961059476     
  0.37000000000000000       0.90049595880979505     
  0.37100000000000000       0.90395928431095673     
  0.37200000000000000       0.90743290424737988     
  0.37300000000000000       0.91091687709011537     
  0.37400000000000000       0.91441126165037956     
  0.37500000000000000       0.91791611708198251     
  0.37600000000000000       0.92143150288377207     
  0.37700000000000000       0.92495747890210256     
  0.37800000000000000       0.92849410533331522     
  0.37900000000000000       0.93204144272624578     
  0.38000000000000000       0.93559955198473932     
  0.38100000000000001       0.93916849437019900     
  0.38200000000000001       0.94274833150414195     
  0.38300000000000001       0.94633912537077169     
  0.38400000000000001       0.94994093831958570     
  0.38500000000000001       0.95355383306799757     
  0.38600000000000001       0.95717787270395616     
  0.38700000000000001       0.96081312068862468     
  0.38800000000000001       0.96445964085904468     
  0.38900000000000001       0.96811749743084652     
  0.39000000000000001       0.97178675500095035     
  0.39100000000000001       0.97546747855032878     
  0.39200000000000002       0.97915973344674945     
  0.39300000000000002       0.98286358544756236     
  0.39400000000000002       0.98657910070250288     
  0.39500000000000002       0.99030634575652110     
  0.39600000000000002       0.99404538755261562     
  0.39700000000000002       0.99779629343471454     
  0.39800000000000002        1.0015591311505525     
  0.39900000000000002        1.0053339688545877     
  0.40000000000000002        1.0091208751109415     
  0.40100000000000002        1.0129199188963440     
  0.40200000000000002        1.0167311696031196     
  0.40300000000000002        1.0205546970421846     
  0.40400000000000003        1.0243905714460790     
  0.40500000000000003        1.0282388634720063     
  0.40600000000000003        1.0320996442049100     
  0.40700000000000003        1.0359729851605683     
  0.40800000000000003        1.0398589582887112     
  0.40900000000000003        1.0437576359761696     
  0.41000000000000003        1.0476690910500346     
  0.41100000000000003        1.0515933967808480     
  0.41200000000000003        1.0555306268858324     
  0.41300000000000003        1.0594808555321211     
  0.41400000000000003        1.0634441573400248     
  0.41500000000000004        1.0674206073863293     
  0.41600000000000004        1.0714102812076076     
  0.41699999999999998        1.0754132548035684     
  0.41799999999999998        1.0794296046404195     
  0.41899999999999998        1.0834594076542610     
  0.41999999999999998        1.0875027412545206     
  0.42099999999999999        1.0915596833273860     
  0.42199999999999999        1.0956303122392899     
  0.42299999999999999        1.0997147068404025     
  0.42399999999999999        1.1038129464681801     
  0.42499999999999999        1.1079251109509001     
  0.42599999999999999        1.1120512806112555     
  0.42699999999999999        1.1161915362699713     
  0.42799999999999999        1.1203459592494409     
  0.42899999999999999        1.1245146313773990     
  0.42999999999999999        1.1286976349906133     
  0.43099999999999999        1.1328950529386241     
  0.43200000000000000        1.1371069685874882     
  0.43300000000000000        1.1413334658235721     
  0.43400000000000000        1.1455746290573665     
  0.43500000000000000        1.1498305432273366     
  0.43600000000000000        1.1541012938037862     
  0.43700000000000000        1.1583869667927800     
  0.43800000000000000        1.1626876487400690     
  0.43900000000000000        1.1670034267350666     
  0.44000000000000000        1.1713343884148439     
  0.44100000000000000        1.1756806219681626     
  0.44200000000000000        1.1800422161395447     
  0.44300000000000000        1.1844192602333534     
  0.44400000000000001        1.1888118441179394     
  0.44500000000000001        1.1932200582297841     
  0.44600000000000001        1.1976439935777052     
  0.44700000000000001        1.2020837417470855     
  0.44800000000000001        1.2065393949041157     
  0.44900000000000001        1.2110110458001104     
  0.45000000000000001        1.2154987877758272     
  0.45100000000000001        1.2200027147658230     
  0.45200000000000001        1.2245229213028661     
  0.45300000000000001        1.2290595025223545     
  0.45400000000000001        1.2336125541667944     
  0.45500000000000002        1.2381821725902984     
  0.45600000000000002        1.2427684547631341     
  0.45700000000000002        1.2473714982762769     
  0.45800000000000002        1.2519914013460556     
  0.45900000000000002        1.2566282628187748     
  0.46000000000000002        1.2612821821754128     
  0.46100000000000002        1.2659532595363487     
  0.46200000000000002        1.2706415956661146     
  0.46300000000000002        1.2753472919782054     
  0.46400000000000002        1.2800704505399132     
  0.46500000000000002        1.2848111740772019     
  0.46600000000000003        1.2895695659796393     
  0.46700000000000003        1.2943457303053245     
  0.46800000000000003        1.2991397717859179     
  0.46900000000000003        1.3039517958316531     
  0.47000000000000003        1.3087819085364254     
  0.47100000000000003        1.3136302166829066     
  0.47200000000000003        1.3184968277477083     
  0.47300000000000003        1.3233818499065779     
  0.47400000000000003        1.3282853920396458     
  0.47500000000000003        1.3332075637367076     
  0.47600000000000003        1.3381484753025565     
  0.47700000000000004        1.3431082377623524     
  0.47800000000000004        1.3480869628670402     
  0.47900000000000004        1.3530847630988041     
  0.47999999999999998        1.3581017516765728     
  0.48099999999999998        1.3631380425615713     
  0.48199999999999998        1.3681937504629063     
  0.48299999999999998        1.3732689908432136     
  0.48399999999999999        1.3783638799243438     
  0.48499999999999999        1.3834785346930769     
  0.48599999999999999        1.3886130729069230     
  0.48699999999999999        1.3937676130999299     
  0.48799999999999999        1.3989422745885596     
  0.48899999999999999        1.4041371774776155     
  0.48999999999999999        1.4093524426662061     
  0.49099999999999999        1.4145881918537540     
  0.49199999999999999        1.4198445475460790     
  0.49299999999999999        1.4251216330615042     
  0.49399999999999999        1.4304195725370250     
  0.49500000000000000        1.4357384909345292     
  0.49600000000000000        1.4410785140470523     
  0.49700000000000000        1.4464397685051187     
  0.49800000000000000        1.4518223817830895     
  0.49900000000000000        1.4572264822056131     
  0.50000000000000000        1.4626521989540777     
  0.50100000000000000        1.4680996620731479     
  0.50200000000000000        1.4735690024773609     
  0.50300000000000000        1.4790603519577450     
  0.50400000000000000        1.4845738431885374     
  0.50500000000000000        1.4901096097339017     
  0.50600000000000001        1.4956677860547629     
  0.50700000000000001        1.5012485075156443     
  0.50800000000000001        1.5068519103915925     
  0.50900000000000001        1.5124781318751617     
  0.51000000000000001        1.5181273100834225     
  0.51100000000000001        1.5237995840650755     
  0.51200000000000001        1.5294950938075933     
  0.51300000000000001        1.5352139802444142     
  0.51400000000000001        1.5409563852622357     
  0.51500000000000001        1.5467224517083196     
  0.51600000000000001        1.5525123233979023     
  0.51700000000000002        1.5583261451216233     
  0.51800000000000002        1.5641640626530644     
  0.51900000000000002        1.5700262227562989     
  0.52000000000000002        1.5759127731935507     
  0.52100000000000002        1.5818238627328887     
  0.52200000000000002        1.5877596411559927     
  0.52300000000000002        1.5937202592659927     
  0.52400000000000002        1.5997058688953474     
  0.52500000000000002        1.6057166229138329     
  0.52600000000000002        1.6117526752365532     
  0.52700000000000002        1.6178141808320494     
  0.52800000000000002        1.6239012957304604     
  0.52900000000000003        1.6300141770317498     
  0.53000000000000003        1.6361529829140165     
  0.53100000000000003        1.6423178726418732     
  0.53200000000000003        1.6485090065748640     
  0.53300000000000003        1.6547265461760197     
  0.53400000000000003        1.6609706540203990     
  0.53500000000000003        1.6672414938037667     
  0.53600000000000003        1.6735392303513317     
  0.53700000000000003        1.6798640296265437     
  0.53800000000000003        1.6862160587399606     
  0.53900000000000003        1.6925954859582226     
  0.54000000000000004        1.6990024807130624     
  0.54100000000000004        1.7054372136104228     
  0.54200000000000004        1.7118998564396333     
  0.54300000000000004        1.7183905821826733     
  0.54400000000000004        1.7249095650235042     
  0.54500000000000004        1.7314569803574964     
  0.54600000000000004        1.7380330048009252     
  0.54700000000000004        1.7446378162005312     
  0.54800000000000004        1.7512715936432117     
  0.54900000000000004        1.7579345174657184     
  0.55000000000000004        1.7646267692645392     
  0.55100000000000005        1.7713485319057523     
  0.55200000000000005        1.7780999895350429     
  0.55300000000000005        1.7848813275877815     
  0.55400000000000005        1.7916927327991761     
  0.55500000000000005        1.7985343932145421     
  0.55600000000000005        1.8054064981996041     
  0.55700000000000005        1.8123092384509583     
  0.55800000000000005        1.8192428060065675     
  0.55900000000000005        1.8262073942563670     
  0.56000000000000005        1.8332031979529686     
  0.56100000000000005        1.8402304132224285     
  0.56200000000000006        1.8472892375751506     
  0.56300000000000006        1.8543798699168441     
  0.56400000000000006        1.8615025105595806     
  0.56500000000000006        1.8686573612329853     
  0.56600000000000006        1.8758446250954643     
  0.56700000000000006        1.8830645067455705     
  0.56800000000000006        1.8903172122334628     
  0.56900000000000006        1.8976029490724386     
  0.57000000000000006        1.9049219262506019     
  0.57100000000000006        1.9122743542425946     
  0.57200000000000006        1.9196604450214634     
  0.57300000000000006        1.9270804120706124     
  0.57400000000000007        1.9345344703958391     
  0.57500000000000007        1.9420228365375296     
  0.57600000000000007        1.9495457285828870     
  0.57699999999999996        1.9571033661783310     
  0.57799999999999996        1.9646959705419706     
  0.57899999999999996        1.9723237644761782     
  0.57999999999999996        1.9799869723803005     
  0.58099999999999996        1.9876858202634566     
  0.58199999999999996        1.9954205357574590     
  0.58299999999999996        2.0031913481298456     
  0.58399999999999996        2.0109984882970089     
  0.58499999999999996        2.0188421888374632     
  0.58599999999999997        2.0267226840052275     
  0.58699999999999997        2.0346402097432841     
  0.58799999999999997        2.0425950036972189     
  0.58899999999999997        2.0505873052289081     
  0.58999999999999997        2.0586173554303970     
  0.59099999999999997        2.0666853971378507     
  0.59199999999999997        2.0747916749456357     
  0.59299999999999997        2.0829364352205282     
  0.59399999999999997        2.0911199261160642     
  0.59499999999999997        2.0993423975869825     
  0.59599999999999997        2.1076041014038203     
  0.59699999999999998        2.1159052911676164     
  0.59799999999999998        2.1242462223247673     
  0.59899999999999998        2.1326271521819868     
  0.59999999999999998        2.1410483399214124     
  0.60099999999999998        2.1495100466158572     
  0.60199999999999998        2.1580125352441533     
  0.60299999999999998        2.1665560707066827     
  0.60399999999999998        2.1751409198409961     
  0.60499999999999998        2.1837673514376181     
  0.60599999999999998        2.1924356362559347     
  0.60699999999999998        2.2011460470402926     
  0.60799999999999998        2.2098988585361461     
  0.60899999999999999        2.2186943475064571     
  0.60999999999999999        2.2275327927481428     
  0.61099999999999999        2.2364144751087198     
  0.61199999999999999        2.2453396775030812     
  0.61299999999999999        2.2543086849304359     
  0.61399999999999999        2.2633217844913887     
  0.61499999999999999        2.2723792654051498     
  0.61599999999999999        2.2814814190269268     
  0.61699999999999999        2.2906285388654695     
  0.61799999999999999        2.2998209206007569     
  0.61899999999999999        2.3090588621018293     
  0.62000000000000000        2.3183426634448332     
  0.62100000000000000        2.3276726269311490     
  0.62200000000000000        2.3370490571057423     
  0.62300000000000000        2.3464722607756547     
  0.62400000000000000        2.3559425470286559     
  0.62500000000000000        2.3654602272520631     
  0.62600000000000000        2.3750256151517370     
  0.62700000000000000        2.3846390267712518     
  0.62800000000000000        2.3943007805112102     
  0.62900000000000000        2.4040111971487499     
  0.63000000000000000        2.4137705998572310     
  0.63100000000000001        2.4235793142260862     
  0.63200000000000001        2.4334376682808521     
  0.63300000000000001        2.4433459925033669     
  0.63400000000000001        2.4533046198522075     
  0.63500000000000001        2.4633138857832009     
  0.63600000000000001        2.4733741282702386     
  0.63700000000000001        2.4834856878261888     
  0.63800000000000001        2.4936489075240487     
  0.63900000000000001        2.5038641330182574     
  0.64000000000000001        2.5141317125662317     
  0.64100000000000001        2.5244519970500452     
  0.64200000000000002        2.5348253399983611     
  0.64300000000000002        2.5452520976085222     
  0.64400000000000002        2.5557326287688436     
  0.64500000000000002        2.5662672950811500     
  0.64600000000000002        2.5768564608834224     
  0.64700000000000002        2.5875004932727821     
  0.64800000000000002        2.5981997621285413     
  0.64900000000000002        2.6089546401355763     
  0.65000000000000002        2.6197655028078546     
  0.65100000000000002        2.6306327285121593     
  0.65200000000000002        2.6415566984921028     
  0.65300000000000002        2.6525377968922688     
  0.65400000000000003        2.6635764107826390     
  0.65500000000000003        2.6746729301832008     
  0.65600000000000003        2.6858277480888320     
  0.65700000000000003        2.6970412604943159     
  0.65800000000000003        2.7083138664196933     
  0.65900000000000003        2.7196459679357741     
  0.66000000000000003        2.7310379701899143     
  0.66100000000000003        2.7424902814319809     
  0.66200000000000003        2.7540033130406476     
  0.66300000000000003        2.7655774795498056     
  0.66400000000000003        2.7772131986753190     
  0.66500000000000004        2.7889108913419998     
  0.66600000000000004        2.8006709817107613     
  0.66700000000000004        2.8124938972061284     
  0.66800000000000004        2.8243800685439244     
  0.66900000000000004        2.8363299297592230     
  0.67000000000000004        2.8483439182345638     
  0.67100000000000004        2.8604224747284683     
  0.67200000000000004        2.8725660434041105     
  0.67300000000000004        2.8847750718583858     
  0.67400000000000004        2.8970500111511130     
  0.67500000000000004        2.9093913158346387     
  0.67600000000000005        2.9217994439835806     
  0.67700000000000005        2.9342748572249460     
  0.67800000000000005        2.9468180207684758     
  0.67900000000000005        2.9594294034373050     
  0.68000000000000005        2.9721094776988419     
  0.68100000000000005        2.9848587196960099     
  0.68200000000000005        2.9976776092787194     
  0.68300000000000005        3.0105666300356728     
  0.68400000000000005        3.0235262693264140     
  0.68500000000000005        3.0365570183137267     
  0.68600000000000005        3.0496593719962992     
  0.68700000000000006        3.0628338292416908     
  0.68800000000000006        3.0760808928196286     
  0.68900000000000006        3.0894010694355969     
  0.69000000000000006        3.1027948697647108     
  0.69100000000000006        3.1162628084859771     
  0.69200000000000006        3.1298054043167820     
  0.69300000000000006        3.1434231800477730     
  0.69400000000000006        3.1571166625780407     
  0.69500000000000006        3.1708863829505844     
  0.69600000000000006        3.1847328763882050     
  0.69700000000000006        3.1986566823296219     
  0.69800000000000006        3.2126583444660106     
  0.69900000000000007        3.2267384107778350     
  0.70000000000000007        3.2408974335720364     
  0.70100000000000007        3.2551359695195772     
  0.70200000000000007        3.2694545796933392     
  0.70300000000000007        3.2838538296063327     
  0.70399999999999996        3.2983342892503065     
  0.70499999999999996        3.3128965331347517     
  0.70599999999999996        3.3275411403261481     
  0.70699999999999996        3.3422686944877316     
  0.70799999999999996        3.3570797839195112     
  0.70899999999999996        3.3719750015987162     
  0.70999999999999996        3.3869549452206416     
  0.71099999999999997        3.4020202172398353     
  0.71199999999999997        3.4171714249116851     
  0.71299999999999997        3.4324091803343975     
  0.71399999999999997        3.4477341004913904     
  0.71499999999999997        3.4631468072940526     
  0.71599999999999997        3.4786479276249329     
  0.71699999999999997        3.4942380933813224     
  0.71799999999999997        3.5099179415192414     
  0.71899999999999997        3.5256881140978638     
  0.71999999999999997        3.5415492583243386     
  0.72099999999999997        3.5575020265990509     
  0.72199999999999998        3.5735470765612920     
  0.72299999999999998        3.5896850711353903     
  0.72399999999999998        3.6059166785772381     
  0.72499999999999998        3.6222425725213045     
  0.72599999999999998        3.6386634320280624     
  0.72699999999999998        3.6551799416318693     
  0.72799999999999998        3.6717927913893145     
  0.72899999999999998        3.6885026769279996     
  0.72999999999999998        3.7053102994958413     
  0.73099999999999998        3.7222163660107634     
  0.73199999999999998        3.7392215891109060     
  0.73299999999999998        3.7563266872053189     
  0.73399999999999999        3.7735323845251103     
  0.73499999999999999        3.7908394111751127     
  0.73599999999999999        3.8082485031860247     
  0.73699999999999999        3.8257604025670249     
  0.73799999999999999        3.8433758573589447     
  0.73899999999999999        3.8610956216879009     
  0.73999999999999999        3.8789204558194776     
  0.74099999999999999        3.8968511262133689     
  0.74199999999999999        3.9148884055786248     
  0.74299999999999999        3.9330330729293510     
  0.74399999999999999        3.9512859136410063     
  0.74500000000000000        3.9696477195071513     
  0.74600000000000000        3.9881192887968515     
  0.74700000000000000        4.0067014263125733     
  0.74800000000000000        4.0253949434485969     
  0.74900000000000000        4.0442006582500749     
  0.75000000000000000        4.0631193954725910     
  0.75100000000000000        4.0821519866423301     
  0.75200000000000000        4.1012992701168134     
  0.75300000000000000        4.1205620911462013     
  0.75400000000000000        4.1399413019352318     
  0.75500000000000000        4.1594377617056990     
  0.75600000000000001        4.1790523367595975     
  0.75700000000000001        4.1987859005427968     
  0.75800000000000001        4.2186393337094401     
  0.75900000000000001        4.2386135241868255     
  0.76000000000000001        4.2587093672410603     
  0.76100000000000001        4.2789277655432203     
  0.76200000000000001        4.2992696292362753     
  0.76300000000000001        4.3197358760025208     
  0.76400000000000001        4.3403274311318158     
  0.76500000000000001        4.3610452275903402     
  0.76600000000000001        4.3818902060901301     
  0.76700000000000002        4.4028633151592356     
  0.76800000000000002        4.4239655112125451     
  0.76900000000000002        4.4451977586233511     
  0.77000000000000002        4.4665610297955602     
  0.77100000000000002        4.4880563052366247     
  0.77200000000000002        4.5096845736312234     
  0.77300000000000002        4.5314468319155710     
  0.77400000000000002        4.5533440853525518     
  0.77500000000000002        4.5753773476075121     
  0.77600000000000002        4.5975476408248275     
  0.77700000000000002        4.6198559957052066     
  0.77800000000000002        4.6423034515837633     
  0.77900000000000003        4.6648910565088286     
  0.78000000000000003        4.6876198673215583     
  0.78100000000000003        4.7104909497363270     
  0.78200000000000003        4.7335053784218459     
  0.78300000000000003        4.7566642370831591     
  0.78400000000000003        4.7799686185443919     
  0.78500000000000003        4.8034196248323298     
  0.78600000000000003        4.8270183672608349     
  0.78700000000000003        4.8507659665160121     
  0.78800000000000003        4.8746635527423434     
  0.78900000000000003        4.8987122656295430     
  0.79000000000000004        4.9229132545003695     
  0.79100000000000004        4.9472676783991885     
  0.79200000000000004        4.9717767061815392     
  0.79300000000000004        4.9964415166044951     
  0.79400000000000004        5.0212632984179173     
  0.79500000000000004        5.0462432504566745     
  0.79600000000000004        5.0713825817337019     
  0.79700000000000004        5.0966825115340066     
  0.79800000000000004        5.1221442695096133     
  0.79900000000000004        5.1477690957754501     
  0.80000000000000004        5.1735582410061536     
  0.80100000000000005        5.1995129665338675     
  0.80200000000000005        5.2256345444469892     
  0.80300000000000005        5.2519242576899074     
  0.80400000000000005        5.2783834001637260     
  0.80500000000000005        5.3050132768279630     
  0.80600000000000005        5.3318152038033322     
  0.80700000000000005        5.3587905084754412     
  0.80800000000000005        5.3859405295996323     
  0.80900000000000005        5.4132666174067809     
  0.81000000000000005        5.4407701337101528     
  0.81100000000000005        5.4684524520134214     
  0.81200000000000006        5.4963149576196217     
  0.81300000000000006        5.5243590477413278     
  0.81400000000000006        5.5525861316118110     
  0.81500000000000006        5.5809976305973645     
  0.81600000000000006        5.6095949783107839     
  0.81700000000000006        5.6383796207259271     
  0.81800000000000006        5.6673530162934416     
  0.81900000000000006        5.6965166360576118     
  0.82000000000000006        5.7258719637744804     
  0.82100000000000006        5.7554204960310402     
  0.82200000000000006        5.7851637423656541     
  0.82300000000000006        5.8151032253897625     
  0.82400000000000007        5.8452404809106735     
  0.82500000000000007        5.8755770580556899     
  0.82600000000000007        5.9061145193974713     
  0.82700000000000007        5.9368544410806150     
  0.82800000000000007        5.9677984129495183     
  0.82900000000000007        5.9989480386776188     
  0.83000000000000007        6.0303049358977709     
  0.83100000000000007        6.0618707363340851     
  0.83200000000000007        6.0936470859350340     
  0.83299999999999996        6.1256356450078977     
  0.83399999999999996        6.1578380883545840     
  0.83499999999999996        6.1902561054088228     
  0.83599999999999997        6.2228914003747109     
  0.83699999999999997        6.2557456923667196     
  0.83799999999999997        6.2888207155510987     
  0.83899999999999997        6.3221182192886438     
  0.83999999999999997        6.3556399682790126     
  0.84099999999999997        6.3893877427064760     
  0.84199999999999997        6.4233633383870776     
  0.84299999999999997        6.4575685669173808     
  0.84399999999999997        6.4920052558246892     
  0.84499999999999997        6.5266752487187496     
  0.84599999999999997        6.5615804054451230     
  0.84699999999999998        6.5967226022399510     
  0.84799999999999998        6.6321037318864073     
  0.84899999999999998        6.6677257038727156     
  0.84999999999999998        6.7035904445518417     
  0.85099999999999998        6.7396998973026401     
  0.85199999999999998        6.7760560226928330     
  0.85299999999999998        6.8126607986435603     
  0.85399999999999998        6.8495162205956142     
  0.85499999999999998        6.8866243016774087     
  0.85599999999999998        6.9239870728746427     
  0.85699999999999998        6.9616065832016822     
  0.85799999999999998        6.9994848998747230     
  0.85899999999999999        7.0376241084867450     
  0.85999999999999999        7.0760263131842382     
  0.86099999999999999        7.1146936368456934     
  0.86199999999999999        7.1536282212620375     
  0.86299999999999999        7.1928322273187932     
  0.86399999999999999        7.2323078351802517     
  0.86499999999999999        7.2720572444753770     
  0.86599999999999999        7.3120826744857856     
  0.86699999999999999        7.3523863643355263     
  0.86799999999999999        7.3929705731829056     
  0.86899999999999999        7.4338375804142629     
  0.87000000000000000        7.4749896858397014     
  0.87100000000000000        7.5164292098909113     
  0.87200000000000000        7.5581584938209643     
  0.87300000000000000        7.6001798999062622     
  0.87400000000000000        7.6424958116504653     
  0.87500000000000000        7.6851086339906036     
  0.87600000000000000        7.7280207935053120     
  0.87700000000000000        7.7712347386251670     
  0.87800000000000000        7.8147529398453157     
  0.87900000000000000        7.8585778899401673     
  0.88000000000000000        7.9027121041804191     
  0.88100000000000001        7.9471581205522828     
  0.88200000000000001        7.9919184999790280     
  0.88300000000000001        8.0369958265447998     
  0.88400000000000001        8.0823927077206950     
  0.88500000000000001        8.1281117745933766     
  0.88600000000000001        8.1741556820958348     
  0.88700000000000001        8.2205271092407912     
  0.88800000000000001        8.2672287593562945     
  0.88900000000000001        8.3142633603239453     
  0.89000000000000001        8.3616336648195624     
  0.89100000000000001        8.4093424505563341     
  0.89200000000000002        8.4573925205305009     
  0.89300000000000002        8.5057867032696848     
  0.89400000000000002        8.5545278530836946     
  0.89500000000000002        8.6036188503180515     
  0.89600000000000002        8.6530626016101699     
  0.89700000000000002        8.7028620401481298     
  0.89800000000000002        8.7530201259322329     
  0.89900000000000002        8.8035398460393388     
  0.90000000000000002        8.8544242148898533     
  0.90100000000000002        8.9056762745176243     
  0.90200000000000002        8.9572990948426821     
  0.90300000000000002        9.0092957739467057     
  0.90400000000000003        9.0616694383515544     
  0.90500000000000003        9.1144232433006476     
  0.90600000000000003        9.1675603730433171     
  0.90700000000000003        9.2210840411221486     
  0.90800000000000003        9.2749974906633685     
  0.90900000000000003        9.3293039946702585     
  0.91000000000000003        9.3840068563197487     
  0.91100000000000003        9.4391094092619934     
  0.91200000000000003        9.4946150179233531     
  0.91300000000000003        9.5505270778122515     
  0.91400000000000003        9.6068490158285709     
  0.91500000000000004        9.6635842905761784     
  0.91600000000000004        9.7207363926787220     
  0.91700000000000004        9.7783088450989126     
  0.91800000000000004        9.8363052034610234     
  0.91900000000000004        9.8947290563769954     
  0.92000000000000004        9.9535840257758075     
  0.92100000000000004        10.012873767236480     
  0.92200000000000004        10.072601970324603     
  0.92300000000000004        10.132772358932383     
  0.92400000000000004        10.193388691622344     
  0.92500000000000004        10.254454761974694     
  0.92600000000000005        10.315974398938364     
  0.92700000000000005        10.377951467185836     
  0.92800000000000005        10.440389867471637     
  0.92900000000000005        10.503293536994917     
  0.93000000000000005        10.566666449765480     
  0.93100000000000005        10.630512616974162     
  0.93200000000000005        10.694836087366882     
  0.93300000000000005        10.759640947622811     
  0.93400000000000005        10.824931322736523     
  0.93500000000000005        10.890711376404298     
  0.93600000000000005        10.956985311414551     
  0.93700000000000006        11.023757370042343     
  0.93800000000000006        11.091031834448337     
  0.93900000000000006        11.158813027081800     
  0.94000000000000006        11.227105311088053     
  0.94100000000000006        11.295913090720347     
  0.94200000000000006        11.365240811755989     
  0.94300000000000006        11.435092961917148     
  0.94400000000000006        11.505474071296069     
  0.94500000000000006        11.576388712784828     
  0.94600000000000006        11.647841502509831     
  0.94700000000000006        11.719837100270974     
  0.94800000000000006        11.792380209985401     
  0.94900000000000007        11.865475580136227     
  0.95000000000000007        11.939128004226047     
  0.95100000000000007        12.013342321235273     
  0.95200000000000007        12.088123416085507     
  0.95300000000000007        12.163476220107906     
  0.95400000000000007        12.239405711516580     
  0.95500000000000007        12.315916915887192     
  0.95600000000000007        12.393014906640635     
  0.95700000000000007        12.470704805532018     
  0.95800000000000007        12.548991783145029     
  0.95900000000000007        12.627881059391424     
  0.95999999999999996        12.707377904016209     
  0.96099999999999997        12.787487637108217     
  0.96199999999999997        12.868215629616111     
  0.96299999999999997        12.949567303870154     
  0.96399999999999997        13.031548134109588     
  0.96499999999999997        13.114163647015795     
  0.96599999999999997        13.197419422251249     
  0.96699999999999997        13.281321093004255     
  0.96799999999999997        13.365874346539778     
  0.96899999999999997        13.451084924756239     
  0.96999999999999997        13.536958624748218     
  0.97099999999999997        13.623501299375691     
  0.97199999999999998        13.710718857838984     
  0.97299999999999998        13.798617266260473     
  0.97399999999999998        13.887202548272342     
  0.97499999999999998        13.976480785610992     
  0.97599999999999998        14.066458118717744     
  0.97699999999999998        14.157140747346320     
  0.97799999999999998        14.248534931176902     
  0.97899999999999998        14.340646990436927     
  0.97999999999999998        14.433483306528643     
  0.98099999999999998        14.527050322663770     
  0.98199999999999998        14.621354544504884     
  0.98299999999999998        14.716402540813938     
  0.98399999999999999        14.812200944108028     
  0.98499999999999999        14.908756451322294     
  0.98599999999999999        15.006075824480023     
  0.98699999999999999        15.104165891370375     
  0.98799999999999999        15.203033546233334     
  0.98899999999999999        15.302685750452456     
  0.98999999999999999        15.403129533254967     
  0.99099999999999999        15.504371992420019     
  0.99199999999999999        15.606420294994328     
  0.99299999999999999        15.709281678015939     
  0.99399999999999999        15.812963449246141     
  0.99500000000000000        15.917472987909195     
  0.99600000000000000        16.022817745440438     
  0.99700000000000000        16.129005246242663     
  0.99800000000000000        16.236043088450842     
  0.99900000000000000        16.343938944705375     
   1.0000000000000000        16.452700562933835     
