                       NaN
   8.8329610083730541E-004
   3.4628576628830082E-003
   7.5331079505465918E-003
   1.2768969119540563E-002
   1.8750616286313082E-002
   2.4995146590867306E-002
   3.0992522088572453E-002
   3.6242842407340908E-002
   4.0291971248070088E-002
                       NaN
   8.8329559463960598E-004
   3.4628556397408843E-003
   7.5331034074149570E-003
   1.2768961074936386E-002
   1.8750603805720262E-002
   2.4995128825436506E-002
   3.0992498326482976E-002
   3.6242812134745311E-002
   4.0291934214374582E-002
                       NaN
   8.8329475097769102E-004
   3.4628522678410304E-003
   7.5330958355372818E-003
   1.2768947667277784E-002
   1.8750583004756006E-002
   2.4995099216419868E-002
   3.0992458723048302E-002
   3.6242761680482564E-002
   4.0291872491629667E-002
                       NaN
   8.8329356985293486E-004
   3.4628475471889723E-003
   7.5330852349260692E-003
   1.2768928896587234E-002
   1.8750553883455874E-002
   2.4995057763869281E-002
   3.0992403278340019E-002
   3.6242691044647432E-002
   4.0291786079956517E-002
