  0.10000000000000001       0.20827936393952148        1.8213252928978585E-003
  0.20000000000000001       0.20867336033464098        2.5856963256253376E-003
  0.30000000000000004       0.20906878661781267        3.1790785234367979E-003
  0.40000000000000002       0.20946565019348834        3.6851218063389652E-003
  0.50000000000000000       0.20986395851392931        4.1361016688502275E-003
  0.60000000000000009       0.21026371907955377        4.5485117295692929E-003
  0.70000000000000007       0.21066493943928735        4.9321168161017030E-003
  0.80000000000000004       0.21106762719091551        5.2932588136079695E-003
  0.90000000000000002       0.21147178998143881        5.6363293779995880E-003
   1.0000000000000000       0.21187743550743041        5.9645168233290373E-003
   1.1000000000000001       0.21228457151539631        6.2802215334867052E-003
   1.2000000000000002       0.21269320580213802        6.5853036320037400E-003
   1.3000000000000000       0.21310334621511778        6.8812388919645712E-003
   1.4000000000000001       0.21351500065282600        7.1692212743936232E-003
   1.5000000000000000       0.21392817706515180        7.4502328415301973E-003
   1.6000000000000001       0.21434288345375574        7.7250928891955698E-003
   1.7000000000000002       0.21475912787244494        7.9944933756738983E-003
   1.8000000000000000       0.21517691842755138        8.2590250424634751E-003
   1.9000000000000001       0.21559626327831199        8.5191970483735908E-003
   2.0000000000000000       0.21601717063725193        8.7754519808529909E-003
   2.1000000000000001       0.21643964877057009        9.0281775071943040E-003
   2.2000000000000002       0.21686370599852725        9.2777155401800575E-003
   2.3000000000000003       0.21728935069583702        9.5243695360390148E-003
   2.4000000000000004       0.21771659129205911        9.7684103690388289E-003
   2.5000000000000000       0.21814543627199526        1.0010081107391794E-002
   2.6000000000000001       0.21857589417608783        1.0249600931184075E-002
   2.7000000000000002       0.21900797360082100        1.0487168373158247E-002
   2.8000000000000003       0.21944168319912447        1.0722964019844319E-002
   2.9000000000000004       0.21987703168077988        1.0957152778749915E-002
   3.0000000000000000       0.22031402781282977        1.1189885793717472E-002
   3.1000000000000001       0.22075268041998902        1.1421302072828566E-002
   3.2000000000000002       0.22119299838505921        1.1651529879779229E-002
   3.3000000000000003       0.22163499064934522        1.1880687929335573E-002
   3.4000000000000004       0.22207866621307473        1.2108886419500474E-002
   3.5000000000000000       0.22252403413582014        1.2336227926797850E-002
   3.6000000000000001       0.22297110353692301        1.2562808186186302E-002
   3.7000000000000002       0.22341988359592152        1.2788716773236227E-002
   3.8000000000000003       0.22387038355297981        1.3014037703110990E-002
   3.9000000000000004       0.22432261270932055        1.3238849958407970E-002
   4.0000000000000000       0.22477658042765988        1.3463227955907871E-002
   4.1000000000000005       0.22523229613264450        1.3687241960648631E-002
   4.2000000000000002       0.22568976931129225        1.3910958454406309E-002
   4.2999999999999998       0.22614900951343406        1.4134440464569438E-002
   4.4000000000000004       0.22661002635215949        1.4357747858488193E-002
   4.5000000000000000       0.22707282950426419        1.4580937607628561E-002
   4.6000000000000005       0.22753742871070001        1.4804064025236182E-002
   4.7000000000000002       0.22800383377702763        1.5027178980690193E-002
   4.8000000000000007       0.22847205457387187        1.5250332093287440E-002
   4.9000000000000004       0.22894210103737919        1.5473570907825494E-002
   5.0000000000000000       0.22941398316967745        1.5696941054038582E-002
   5.1000000000000005       0.22988771103933892        1.5920486391672883E-002
   5.2000000000000002       0.23036329478184497        1.6144249142759429E-002
   5.3000000000000007       0.23084074460005322        1.6368270012447929E-002
   5.4000000000000004       0.23132007076466743        1.6592588299596943E-002
   5.5000000000000000       0.23180128361470961        1.6817241998171882E-002
   5.6000000000000005       0.23228439355799413        1.7042267890377459E-002
   5.7000000000000002       0.23276941107160459        1.7267701632343535E-002
   5.8000000000000007       0.23325634670237275        1.7493577833089625E-002
   5.9000000000000004       0.23374521106735971        1.7719930127411659E-002
   6.0000000000000000       0.23423601485433931        1.7946791243263680E-002
   6.1000000000000005       0.23472876882228377        1.8174193064144743E-002
   6.2000000000000002       0.23522348380185137        1.8402166686946754E-002
   6.3000000000000007       0.23572017069587642        1.8630742475671178E-002
   6.4000000000000004       0.23621884047986114        1.8859950111380069E-002
   6.5000000000000000       0.23671950420246957        1.9089818638709833E-002
   6.6000000000000005       0.23722217298602361        1.9320376509243082E-002
   6.7000000000000002       0.23772685802700100        1.9551651622004680E-002
   6.8000000000000007       0.23823357059653505        1.9783671361322391E-002
   6.9000000000000004       0.23874232204091628        2.0016462632269121E-002
   7.0000000000000000       0.23925312378209601        2.0250051893883635E-002
   7.1000000000000005       0.23976598731819160        2.0484465190347925E-002
   7.2000000000000002       0.24028092422399325        2.0719728180283239E-002
   7.3000000000000007       0.24079794615147287        2.0955866164312120E-002
   7.4000000000000004       0.24131706483029372        2.1192904111020400E-002
   7.5000000000000000       0.24183829206832277        2.1430866681441781E-002
   7.6000000000000005       0.24236163975214320        2.1669778252176228E-002
   7.7000000000000002       0.24288711984756939        2.1909662937244726E-002
   7.8000000000000007       0.24341474440016234        2.2150544608773554E-002
   7.9000000000000004       0.24394452553574719        2.2392446916593915E-002
   8.0000000000000000       0.24447647546093101        2.2635393306835398E-002
   8.0999999999999996       0.24501060646362244        2.2879407039585603E-002
   8.2000000000000011       0.24554693091355184        2.3124511205682208E-002
   8.3000000000000007       0.24608546126279252        2.3370728742698747E-002
   8.4000000000000004       0.24662621004628285        2.3618082450180398E-002
   8.5000000000000000       0.24716918988234904        2.3866595004181819E-002
   8.5999999999999996       0.24771441347322848        2.4116288971155007E-002
   8.7000000000000011       0.24826189360559381        2.4367186821231755E-002
   8.8000000000000007       0.24881164315107690        2.4619310940941570E-002
   8.9000000000000004       0.24936367506679410        2.4872683645403487E-002
   9.0000000000000000       0.24991800239587070        2.5127327190026826E-002
   9.0999999999999996       0.25047463826796601        2.5383263781753804E-002
   9.2000000000000011       0.25103359589979812        2.5640515589874558E-002
   9.3000000000000007       0.25159488859566909        2.5899104756442769E-002
   9.4000000000000004       0.25215852974798886        2.6159053406318512E-002
   9.5000000000000000       0.25272453283779966        2.6420383656862681E-002
   9.6000000000000014       0.25329291143529920        2.6683117627306137E-002
   9.7000000000000011       0.25386367920036362        2.6947277447814930E-002
   9.8000000000000007       0.25443684988306914        2.7212885268271585E-002
   9.9000000000000004       0.25501243732421291        2.7479963266791321E-002
   10.000000000000000       0.25559045545583292        2.7748533657990480E-002
   10.100000000000001       0.25617091830172578        2.8018618701023918E-002
   10.200000000000001       0.25675383997796375        2.8290240707406489E-002
   10.300000000000001       0.25733923469340969        2.8563422048633259E-002
   10.400000000000000       0.25792711675023022        2.8838185163612053E-002
   10.500000000000000       0.25851750054440664        2.9114552565920927E-002
   10.600000000000001       0.25911040056624352        2.9392546850902861E-002
   10.700000000000001       0.25970583140087516        2.9672190702608826E-002
   10.800000000000001       0.26030380772876882        2.9953506900600068E-002
   10.900000000000000       0.26090434432622539        3.0236518326619465E-002
   11.000000000000000       0.26150745606587683        3.0521247971141932E-002
   11.100000000000001       0.26211315791717965        3.0807718939812278E-002
   11.200000000000001       0.26272146494690574        3.1095954459779755E-002
   11.300000000000001       0.26333239231962857        3.1385977885936805E-002
   11.400000000000000       0.26394595529820525        3.1677812707070083E-002
   11.500000000000000       0.26456216924425435        3.1971482551930719E-002
   11.600000000000001       0.26518104961862898        3.2267011195231170E-002
   11.700000000000001       0.26580261198188482        3.2564422563574821E-002
   11.800000000000001       0.26642687199474269        3.2863740741324865E-002
   11.900000000000000       0.26705384541854560        3.3164989976418438E-002
   12.000000000000000       0.26768354811571027        3.3468194686131658E-002
   12.100000000000001       0.26831599605017126        3.3773379462801081E-002
   12.200000000000001       0.26895120528781996        3.4080569079506719E-002
   12.300000000000001       0.26958919199693526        3.4389788495721753E-002
   12.400000000000000       0.27022997244860791        3.4701062862933757E-002
   12.500000000000000       0.27087356301715632        3.5014417530241641E-002
   12.600000000000001       0.27151998018053508        3.5329878049933532E-002
   12.700000000000001       0.27216924052073427        3.5647470183048903E-002
   12.800000000000001       0.27282136072417024        3.5967219904929890E-002
   12.900000000000000       0.27347635758206723        3.6289153410765225E-002
   13.000000000000000       0.27413424799082836        3.6613297121130678E-002
   13.100000000000001       0.27479504895239765        3.6939677687530134E-002
   13.200000000000001       0.27545877757461007        3.7268321997940106E-002
   13.300000000000001       0.27612545107153130        3.7599257182362025E-002
   13.400000000000000       0.27679508676378550        3.7932510618384860E-002
   13.500000000000000       0.27746770207887034        3.8268109936761940E-002
   13.600000000000001       0.27814331455146046        3.8606083027004981E-002
   13.700000000000001       0.27882194182369635        3.8946458042998046E-002
   13.800000000000001       0.27950360164546034        3.9289263408635242E-002
   13.900000000000000       0.28018831187463761        3.9634527823484256E-002
   14.000000000000000       0.28087609047736184        3.9982280268479144E-002
   14.100000000000001       0.28156695552824662        4.0332550011645228E-002
   14.200000000000001       0.28226092521059842        4.0685366613858305E-002
   14.300000000000001       0.28295801781661428        4.1040759934641804E-002
   14.400000000000000       0.28365825174756115        4.1398760138003581E-002
   14.500000000000000       0.28436164551393667        4.1759397698315714E-002
   14.600000000000001       0.28506821773561092        4.2122703406239477E-002
   14.700000000000001       0.28577798714194924        4.2488708374698404E-002
   14.800000000000001       0.28649097257191225        4.2857444044901410E-002
   14.900000000000000       0.28720719297413716        4.3228942192419205E-002
   15.000000000000000       0.28792666740699430        4.3603234933315652E-002
   15.100000000000001       0.28864941503862224        4.3980354730337338E-002
   15.200000000000001       0.28937545514693797        4.4360334399163003E-002
   15.300000000000001       0.29010480711962255        4.4743207114715862E-002
   15.400000000000000       0.29083749045408092        4.5129006417540876E-002
   15.500000000000000       0.29157352475737458        4.5517766220249355E-002
   15.600000000000001       0.29231292974612705        4.5909520814033475E-002
   15.700000000000001       0.29305572524639961        4.6304304875252757E-002
   15.800000000000001       0.29380193119353809        4.6702153472095227E-002
   15.900000000000000       0.29455156763198798        4.7103102071315253E-002
   16.000000000000000       0.29530465471507783        4.7507186545050706E-002
   16.100000000000001       0.29606121270476921        4.7914443177721568E-002
   16.199999999999999       0.29682126197137226        4.8324908673012430E-002
   16.300000000000001       0.29758482299322553        4.8738620160941382E-002
   16.400000000000002       0.29835191635633862        4.9155615205017281E-002
   16.500000000000000       0.29912256275399701        4.9575931809488147E-002
   16.600000000000001       0.29989678298632727        4.9999608426683002E-002
   16.699999999999999       0.30067459795982010        5.0426683964449041E-002
   16.800000000000001       0.30145602868681293        5.0857197793687588E-002
   16.900000000000002       0.30224109628492651        5.1291189755989806E-002
   17.000000000000000       0.30302982197645756        5.1728700171376103E-002
   17.100000000000001       0.30382222708772338        5.2169769846140454E-002
   17.199999999999999       0.30461833304835861        5.2614440080802766E-002
   17.300000000000001       0.30541816139056105        5.3062752678171621E-002
   17.400000000000002       0.30622173374828526        5.3514749951519648E-002
   17.500000000000000       0.30702907185638328        5.3970474732874370E-002
   17.600000000000001       0.30784019754968883        5.4429970381427141E-002
   17.699999999999999       0.30865513276204393        5.4893280792061884E-002
   17.800000000000001       0.30947389952526683        5.5360450404007604E-002
   17.900000000000002       0.31029651996805696        5.5831524209615804E-002
   18.000000000000000       0.31112301631483841        5.6306547763266712E-002
   18.100000000000001       0.31195341088453521        5.6785567190406110E-002
   18.199999999999999       0.31278772608928085        5.7268629196715708E-002
   18.300000000000001       0.31362598443305612        5.7755781077419993E-002
   18.400000000000002       0.31446820851025570        5.8247070726732145E-002
   18.500000000000000       0.31531442100417806        5.8742546647441315E-002
   18.600000000000001       0.31616464468544009        5.9242257960645250E-002
   18.699999999999999       0.31701890241030989        5.9746254415629682E-002
   18.800000000000001       0.31787721711895822        6.0254586399898585E-002
   18.900000000000002       0.31873961183362376        6.0767304949357059E-002
   19.000000000000000       0.31960610965669051        6.1284461758651022E-002
   19.100000000000001       0.32047673376867464        6.1806109191665556E-002
   19.200000000000003       0.32135150742611640        6.2332300292185547E-002
   19.300000000000001       0.32223045395937583        6.2863088794721508E-002
   19.400000000000002       0.32311359677032758        6.3398529135503701E-002
   19.500000000000000       0.32400095932995276        6.3938676463647454E-002
   19.600000000000001       0.32489256517582293        6.4483586652493124E-002
   19.700000000000003       0.32578843790947548        6.5033316311123954E-002
   19.800000000000001       0.32668860119367299        6.5587922796064402E-002
   19.900000000000002       0.32759307874954713        6.6147464223163310E-002
   20.000000000000000       0.32850189435361893        6.6711999479663969E-002
   20.100000000000001       0.32941507183469576        6.7281588236465670E-002
   20.200000000000003       0.33033263507063781        6.7856290960578963E-002
   20.300000000000001       0.33125460798499123        6.8436168927779262E-002
   20.400000000000002       0.33218101454348375        6.9021284235460875E-002
   20.500000000000000       0.33311187875037779        6.9611699815696509E-002
   20.600000000000001       0.33404722464467740        7.0207479448504514E-002
   20.700000000000003       0.33498707629618268        7.0808687775328227E-002
   20.800000000000001       0.33593145780138889        7.1415390312730573E-002
   20.900000000000002       0.33688039327922409        7.2027653466308350E-002
   21.000000000000000       0.33783390686661968        7.2645544544828786E-002
   21.100000000000001       0.33879202271391051        7.3269131774593418E-002
   21.200000000000003       0.33975476498005602        7.3898484314031843E-002
   21.300000000000001       0.34072215782768067        7.4533672268530402E-002
   21.400000000000002       0.34169422541792377        7.5174766705498650E-002
   21.500000000000000       0.34267099190509659        7.5821839669678329E-002
   21.600000000000001       0.34365248143113680        7.6474964198698273E-002
   21.700000000000003       0.34463871811985747        7.7134214338879459E-002
   21.800000000000001       0.34562972607098147        7.7799665161294523E-002
   21.900000000000002       0.34662552935395563        7.8471392778085333E-002
   22.000000000000000       0.34762615200153785        7.9149474359043098E-002
   22.100000000000001       0.34863161800314946        7.9833988148455243E-002
   22.200000000000003       0.34964195129798531        8.0525013482222602E-002
   22.300000000000001       0.35065717576787536        8.1222630805252383E-002
   22.400000000000002       0.35167731522988727        8.1926921689129822E-002
   22.500000000000000       0.35270239342866522        8.2637968850073851E-002
   22.600000000000001       0.35373243402849425        8.3355856167180692E-002
   22.700000000000003       0.35476746060508069        8.4080668700959343E-002
   22.800000000000001       0.35580749663704481        8.4812492712164733E-002
   22.900000000000002       0.35685256549710909        8.5551415680930956E-002
   23.000000000000000       0.35790269044297923        8.6297526326210808E-002
   23.100000000000001       0.35895789460790523        8.7050914625525153E-002
   23.200000000000003       0.36001820099091197        8.7811671835026819E-002
   23.300000000000001       0.36108363244669128        8.8579890509883588E-002
   23.400000000000002       0.36215421167514233        8.9355664524984710E-002
   23.500000000000000       0.36322996121055146        9.0139089095975289E-002
   23.600000000000001       0.36431090341039946        9.0930260800623955E-002
   23.700000000000003       0.36539706044378351        9.1729277600526710E-002
   23.800000000000001       0.36648845427944415        9.2536238863153181E-002
   23.900000000000002       0.36758510667338240        9.3351245384238862E-002
   24.000000000000000       0.36868703915605672        9.4174399410527951E-002
   24.100000000000001       0.36979427301914503        9.5005804662871882E-002
   24.200000000000003       0.37090682930185748        9.5845566359686524E-002
   24.300000000000001       0.37202472877679016        9.6693791240775220E-002
   24.400000000000002       0.37314799193530002        9.7550587591518953E-002
   24.500000000000000       0.37427663897238955        9.8416065267440331E-002
   24.600000000000001       0.37541068977108577        9.9290335719144820E-002
   24.700000000000003       0.37655016388629664       0.10017351201764373     
   24.800000000000001       0.37769508052812950       0.10106570888006315     
   24.900000000000002       0.37884545854465462       0.10196704269574298     
   25.000000000000000       0.38000131640409701       0.10287763155273051     
   25.100000000000001       0.38116267217643823       0.10379759526467222     
   25.200000000000003       0.38232954351441101       0.10472705539810813     
   25.300000000000001       0.38350194763386530       0.10566613530017156     
   25.400000000000002       0.38467990129349150       0.10661496012670059     
   25.500000000000000       0.38586342077387425       0.10757365687076070     
   25.600000000000001       0.38705252185586253       0.10854235439158733     
   25.700000000000003       0.38824721979822963       0.10952118344394597     
   25.800000000000001       0.38944752931460619       0.11051027670791881     
   25.900000000000002       0.39065346454965932       0.11150976881911617     
   26.000000000000000       0.39186503905449799       0.11251979639931853     
   26.100000000000001       0.39308226576127853       0.11354049808755062     
   26.200000000000003       0.39430515695698748       0.11457201457159007     
   26.300000000000001       0.39553372425637651       0.11561448861991393     
   26.400000000000002       0.39676797857402096       0.11666806511408376     
   26.500000000000000       0.39800793009547841       0.11773289108157058     
   26.600000000000001       0.39925358824751817       0.11880911572902443     
   26.700000000000003       0.40050496166739241       0.11989689047598434     
   26.800000000000001       0.40176205817112198       0.12099636898903500     
   26.900000000000002       0.40302488472076503       0.12210770721640704     
   27.000000000000000       0.40429344739063749       0.12323106342302220     
   27.100000000000001       0.40556775133245465       0.12436659822598294     
   27.200000000000003       0.40684780073936011       0.12551447463050636     
   27.300000000000001       0.40813359880880878       0.12667485806630036     
   27.400000000000002       0.40942514770426869       0.12784791642438131     
   27.500000000000000       0.41072244851570483       0.12903382009432920     
   27.600000000000001       0.41202550121881332       0.13023274200198201     
   27.700000000000003       0.41333430463295923       0.13144485764755981     
   27.800000000000001       0.41464885637778692       0.13267034514421949     
   27.900000000000002       0.41596915282846003       0.13390938525703483     
   28.000000000000000       0.41729518906948848       0.13516216144239457     
   28.100000000000001       0.41862695884710105       0.13642885988781442     
   28.200000000000003       0.41996445452012249       0.13770966955215660     
   28.300000000000001       0.42130766700930539       0.13900478220624768     
   28.400000000000002       0.42265658574507431       0.14031439247388805     
   28.500000000000000       0.42401119861363507       0.14163869787324282     
   28.600000000000001       0.42537149190139700       0.14297789885860404     
   28.700000000000003       0.42673745023766096       0.14433219886251261     
   28.800000000000001       0.42810905653552245       0.14570180433822943     
   28.900000000000002       0.42948629193093396       0.14708692480253940     
   29.000000000000000       0.43086913571987340       0.14848777287887543     
   29.100000000000001       0.43225756529356490       0.14990456434074648     
   29.200000000000003       0.43365155607169120       0.15133751815545160     
   29.300000000000001       0.43505108143354210       0.15278685652806168     
   29.400000000000002       0.43645611264703577       0.15425280494564916     
   29.500000000000000       0.43786661879555350       0.15573559222174277     
   29.600000000000001       0.43928256670252186       0.15723545054098509     
   29.700000000000003       0.44070392085367960       0.15875261550396744     
   29.800000000000001       0.44213064331695889       0.16028732617221408     
   29.900000000000002       0.44356269365991696       0.16183982511328920     
   30.000000000000000       0.44500002886464357       0.16341035844599358     
   30.100000000000001       0.44644260324007357       0.16499917588561822     
   30.200000000000003       0.44789036833163143       0.16660653078922083     
   30.300000000000001       0.44934327282813191       0.16823268020088683     
   30.400000000000002       0.45080126246585817       0.16987788489693473     
   30.500000000000000       0.45226427992973856       0.17154240943102250     
   30.600000000000001       0.45373226475154088       0.17322652217911141     
   30.700000000000003       0.45520515320500127       0.17493049538423697     
   30.800000000000001       0.45668287819780234       0.17665460520103748     
   30.900000000000002       0.45816536916031297       0.17839913173998420     
   31.000000000000000       0.45965255193100241       0.18016435911125667     
   31.100000000000001       0.46114434863843556       0.18195057546820101     
   31.200000000000003       0.46264067757975963       0.18375807305030725     
   31.300000000000001       0.46414145309558408       0.18558714822563627     
   31.400000000000002       0.46564658544116111       0.18743810153262430     
   31.500000000000000       0.46715598065376446       0.18931123772118802     
   31.600000000000001       0.46866954041616726       0.19120686579304833     
   31.700000000000003       0.47018716191611987       0.19312529904118897     
   31.800000000000001       0.47170873770171695       0.19506685508835714     
   31.900000000000002       0.47323415553255388       0.19703185592451167     
   32.000000000000000       0.47476329822656227       0.19902062794311884     
   32.100000000000001       0.47629604350241278       0.20103350197618672     
   32.200000000000003       0.47783226381737953       0.20307081332793034     
   32.300000000000004       0.47937182620054575       0.20513290180694399     
   32.399999999999999       0.48091459208124404       0.20722011175676236     
   32.500000000000000       0.48246041711260929       0.20933279208467589     
   32.600000000000001       0.48400915099012948       0.21147129628866293     
   32.700000000000003       0.48556063726507442       0.21363598248229521     
   32.800000000000004       0.48711471315268445       0.21582721341746375     
   32.899999999999999       0.48867120933499564       0.21804535650476489     
   33.000000000000000       0.49022994975818179       0.22029078383138079     
   33.100000000000001       0.49179075142428802       0.22256387217627202     
   33.200000000000003       0.49335342417723632       0.22486500302250598     
   33.300000000000004       0.49491777048297347       0.22719456256651613     
   33.399999999999999       0.49648358520364455       0.22955294172409882     
   33.500000000000000       0.49805065536566240       0.23194053613292731     
   33.600000000000001       0.49961875992154947       0.23435774615135649     
   33.700000000000003       0.50118766950543325       0.23680497685329405     
   33.800000000000004       0.50275714618206857       0.23928263801888089     
   33.899999999999999       0.50432694318926519       0.24179114412072988     
   34.000000000000000       0.50589680467360387       0.24433091430545115     
   34.100000000000001       0.50746646541931939       0.24690237237018384     
   34.200000000000003       0.50903565057023514       0.24950594673383464     
   34.300000000000004       0.51060407534463936       0.25214207040272585     
   34.399999999999999       0.51217144474298415       0.25481118093031402     
   34.500000000000000       0.51373745324831188       0.25751372037066361     
   34.600000000000001       0.51530178451929387       0.26025013522530227     
   34.700000000000003       0.51686411107579466       0.26302087638311344     
   34.800000000000004       0.51842409397685840       0.26582639905286354     
   34.899999999999999       0.51998138249104053       0.26866716268798285     
   35.000000000000000       0.52153561375899482       0.27154363090317135     
   35.100000000000001       0.52308641244824794       0.27445627138240136     
   35.200000000000003       0.52463339040009827       0.27740555577787140     
   35.300000000000004       0.52617614626857645       0.28039195959943231     
   35.399999999999999       0.52771426515142850       0.28341596209400505     
   35.500000000000000       0.52924731821308091       0.28647804611447952     
   35.600000000000001       0.53077486229956883       0.28957869797756636     
   35.700000000000003       0.53229643954541195       0.29271840731005561     
   35.800000000000004       0.53381157697244908       0.29589766688291391     
   35.899999999999999       0.53531978608064146       0.29911697243262558     
   36.000000000000000       0.53682056243089049       0.30237682246917436     
   36.100000000000001       0.53831338521991268       0.30567771807001570     
   36.200000000000003       0.53979771684725819       0.30902016265940546     
   36.300000000000004       0.54127300247455468       0.31240466177238185     
   36.399999999999999       0.54273866957710426       0.31583172280271576     
   36.500000000000000       0.54419412748796692       0.31930185473409028     
   36.600000000000001       0.54563876693470359       0.32281556785376592     
   36.700000000000003       0.54707195956897248       0.32637337344795231     
   36.800000000000004       0.54849305748920585       0.32997578347809403     
   36.899999999999999       0.54990139275662453       0.33362331023724096     
   37.000000000000000       0.55129627690488414       0.33731646598565929     
   37.100000000000001       0.55267700044368040       0.34105576256481202     
   37.200000000000003       0.55404283235668539       0.34484171098881244     
   37.300000000000004       0.55539301959422449       0.34867482101244029     
   37.399999999999999       0.55672678656114527       0.35255560067476210     
   37.500000000000000       0.55804333460038624       0.35648455581741317     
   37.600000000000001       0.55934184147279342       0.36046218957653753     
   37.700000000000003       0.56062146083378972       0.36448900184738786     
   37.800000000000004       0.56188132170756344       0.36856548872056172     
   37.899999999999999       0.56312052795948653       0.37269214188881350     
   38.000000000000000       0.56433815776755791       0.37686944802340411     
   38.100000000000001       0.56553326309370955       0.38109788811887479     
   38.200000000000003       0.56670486915590279       0.38537793680518834     
   38.300000000000004       0.56785197390200193       0.38971006162610705     
   38.400000000000006       0.56897354748649487       0.39409472228269621     
   38.500000000000000       0.57006853175121330       0.39853236984084472     
   38.600000000000001       0.57113583971128146       0.40302344590165085     
   38.700000000000003       0.57217435504762326       0.40756838173357079     
   38.800000000000004       0.57318293160743594       0.41216759736518160     
   38.900000000000006       0.57416039291414978       0.41682150063745005     
   39.000000000000000       0.57510553168848155       0.42153048621439687     
   39.100000000000001       0.57601710938230177       0.42629493455104905     
   39.200000000000003       0.57689385572714402       0.43111521081762166     
   39.300000000000004       0.57773446829929376       0.43599166377886106     
   39.400000000000006       0.57853761210351551       0.44092462462753923     
   39.500000000000000       0.57930191917759599       0.44591440577111768     
   39.600000000000001       0.58002598822000673       0.45096129957064057     
   39.700000000000003       0.58070838424311522       0.45606557703096007     
   39.800000000000004       0.58134763825451208       0.46122748644149603     
   39.900000000000006       0.58194224696914831       0.46644725196673736     
   40.000000000000000       0.58249067255512343       0.47172507218583809     
   40.100000000000001       0.58299134241609885       0.47706111858068651     
   40.200000000000003       0.58344264901346032       0.48245553397197305     
   40.300000000000004       0.58384294973149464       0.48790843090286556     
   40.400000000000006       0.58419056678899262       0.49341988997001934     
   40.500000000000000       0.58448378720084015       0.49898995810180130     
   40.600000000000001       0.58472086279330482       0.50461864678372903     
   40.700000000000003       0.58490001027687211       0.51030593023131032     
   40.800000000000004       0.58501941138063762       0.51605174351062455     
   40.900000000000006       0.58507721305239302       0.52185598060717431     
   41.000000000000000       0.58507152772870163       0.52771849244376434     
   41.100000000000001       0.58500043367938181       0.53363908484835731     
   41.200000000000003       0.58486197543095719       0.53961751647310341     
   41.300000000000004       0.58465416427375538       0.54565349666600760     
   41.400000000000006       0.58437497885745637       0.55174668329695498     
   41.500000000000000       0.58402236588000078       0.55789668054011543     
   41.600000000000001       0.58359424087486611       0.56410303661504524     
   41.700000000000003       0.58308848910180699       0.57036524148916368     
   41.800000000000004       0.58250296654622824       0.57668272454457725     
   41.900000000000006       0.58183550103241488       0.58305485221266251     
   42.000000000000000       0.58108389345588585       0.58948092558012499     
   42.100000000000001       0.58024591914015322       0.59596017797073120     
   42.200000000000003       0.57931932932317409       0.60249177250728325     
   42.300000000000004       0.57830185277874535       0.60907479965886546     
   42.400000000000006       0.57719119757805137       0.61570827477887780     
   42.500000000000000       0.57598505299648273       0.62239113563978399     
   42.600000000000001       0.57468109157073810       0.62912223997108452     
   42.700000000000003       0.57327697131107358       0.63590036300743458     
   42.800000000000004       0.57177033807337663       0.64272419505444167     
   42.900000000000006       0.57015882809552909       0.64959233908013236     
   43.000000000000000       0.56844007070225211       0.65650330834066517     
   43.100000000000001       0.56661169118232224       0.66345552404940322     
   43.200000000000003       0.56467131384169600       0.67044731309898942     
   43.300000000000004       0.56261656523567283       0.67747690584666942     
   43.400000000000006       0.56044507758277839       0.68454243397359626     
   43.500000000000000       0.55815449236253578       0.69164192842944894     
   43.600000000000001       0.55574246409873529       0.69877331747419225     
   43.700000000000003       0.55320666432919163       0.70593442482934787     
   43.800000000000004       0.55054478576229238       0.71312296795164354     
   43.900000000000006       0.54775454661991696       0.72033655644236072     
   44.000000000000000       0.54483369516548419       0.72757269060619223     
   44.100000000000001       0.54178001441504986       0.73482876017377075     
   44.200000000000003       0.53859132702843360       0.74210204320245565     
   44.300000000000004       0.53526550037638210       0.74938970517023962     
   44.400000000000006       0.53180045177872970       0.75668879827793234     
   44.500000000000000       0.52819415390741642       0.76399626097495843     
   44.600000000000001       0.52444464034707350       0.77130891772425181     
   44.700000000000003       0.52055001130466871       0.77862347902178231     
   44.800000000000004       0.51650843945845459       0.78593654168622173     
   44.900000000000006       0.51231817593515694       0.79324458943415077     
   45.000000000000000       0.50797755640300879       0.80054399375596808     
   45.100000000000001       0.50348500726685885       0.80783101510736288     
   45.200000000000003       0.49883905195018047       0.81510180443079294     
   45.300000000000004       0.49403831724741742       0.82235240502081242     
   45.400000000000006       0.48908153972865809       0.82957875474647491     
   45.500000000000000       0.48396757217722486       0.83677668864320676     
   45.600000000000001       0.47869539003936251       0.84394194188560878     
   45.700000000000003       0.47326409786383111       0.85107015315158041     
   45.800000000000004       0.46767293570785728       0.85815686838695182     
   45.900000000000006       0.46192128548462807       0.86519754497843659     
   46.000000000000000       0.45600867722626193       0.87218755634124800     
   46.100000000000001       0.44993479523507879       0.87912219692605142     
   46.200000000000003       0.44369948409490084       0.88599668764818540     
   46.300000000000004       0.43730275451321565       0.89280618174014026     
   46.400000000000006       0.43074478896418694       0.89954577102626010     
   46.500000000000000       0.42402594710184049       0.90621049261646758     
   46.600000000000001       0.41714677091223179       0.91279533601352114     
   46.700000000000003       0.41010798957305078       0.91929525062595052     
   46.800000000000004       0.40291052398895666       0.92570515367633821     
   46.900000000000006       0.39555549097098458       0.93201993849205189     
   47.000000000000000       0.38804420702859393       0.93823448316295255     
   47.100000000000001       0.38037819174341597       0.94434365954793686     
   47.200000000000003       0.37255917069446176       0.95034234260948391     
   47.300000000000004       0.36458907790546868       0.95622542005274969     
   47.400000000000006       0.35647005778629415       0.96198780224304103     
   47.500000000000000       0.34820446654166437       0.96762443237294016     
   47.600000000000001       0.33979487302230355       0.97313029684778019     
   47.700000000000003       0.33124405899540227       0.97850043585573743     
   47.800000000000004       0.32255501881355336       0.98372995408649688     
   47.900000000000006       0.31373095846374782       0.98881403156023273     
   48.000000000000000       0.30477529398064424       0.99374793452667831     
   48.100000000000001       0.29569164921121538       0.99852702639223168     
   48.200000000000003       0.28648385292097056        1.0031467786314521     
   48.300000000000004       0.27715593523518245        1.0076027816379829     
   48.400000000000006       0.26771212341200329        1.0118907554688417     
   48.500000000000000       0.25815683694789393        1.0160065604352575     
   48.600000000000001       0.24849468201950831        1.0199462074927215     
   48.700000000000003       0.23873044526990139        1.0237058683827922     
   48.800000000000004       0.22886908695073996        1.0272818854793584     
   48.900000000000006       0.21891573343612503        1.0306707812925442     
   49.000000000000000       0.20887566912730010        1.0338692675843706     
   49.100000000000001       0.19875432777149427        1.0368742540514144     
   49.200000000000003       0.18855728322169546        1.0396828565313303     
   49.300000000000004       0.17829023966781235        1.0422924046919604     
   49.400000000000006       0.16795902137310983        1.0447004491639971     
   49.500000000000000       0.15756956195304200        1.0469047680807095     
   49.600000000000001       0.14712789323661510        1.0489033729911059     
   49.700000000000003       0.13664013375328668        1.0506945141160018     
   49.800000000000004       0.12611247689077734        1.0522766849198932     
   49.900000000000006       0.11555117877152681        1.0536486259751043     
   50.000000000000000       0.10496254589727619        1.0548093280985291     
   50.100000000000001        9.4352922612884568E-002   1.0557580347452353     
   50.200000000000003        8.3728678441640808E-002   1.0564942436473297     
   50.300000000000004        7.3096195345075277E-002   1.0570177076906764     
   50.400000000000006        6.2461854960818831E-002   1.0573284350263248     
   50.500000000000000        5.1832025871947247E-002   1.0574266884177870     
   50.600000000000001        4.1213050961037695E-002   1.0573129838295530     
   50.700000000000003        3.0611234901351127E-002   1.0569880882664524     
   50.800000000000004        2.0032831836483914E-002   1.0564530168775630     
   50.900000000000006        9.4840332983894722E-003   1.0557090293423517     
   51.000000000000000       -1.0290435881386269E-003   1.0547576255605426     
   51.100000000000001       -1.1500367568571285E-002   1.0536005406708218     
   51.200000000000003       -2.1924004345701929E-002   1.0522397394268761     
   51.300000000000004       -3.2294127249887908E-002   1.0506774099624014     
   51.400000000000006       -4.2605027454433786E-002   1.0489159569795703     
   51.500000000000000       -5.2851123701388482E-002   1.0469579943980198     
   51.600000000000001       -6.3026971506240939E-002   1.0448063375036627     
   51.700000000000003       -7.3127271813519037E-002   1.0424639946385676     
   51.800000000000004       -8.3146879078901739E-002   1.0399341584747288     
   51.900000000000006       -9.3080808757060471E-002   1.0372201969158197     
   52.000000000000000      -0.10292424417819176        1.0343256436719408     
   52.100000000000001      -0.11267254279996862        1.0312541885529347     
   52.200000000000003      -0.12232124182523670        1.0280096675261203     
   52.300000000000004      -0.13186606317951050        1.0245960525842148     
   52.400000000000006      -0.14130291784591351        1.0210174414688136     
   52.500000000000000      -0.15062790955855565        1.0172780472941700     
   52.600000000000001      -0.15983733785883819        1.0133821881150069     
   52.700000000000003      -0.16892770052216213        1.0093342764809436     
   52.800000000000004      -0.17789569536568645        1.0051388090186275     
   52.900000000000006      -0.18673822145050004        1.0008003560810135     
   53.000000000000000      -0.19545237969414220       0.99632355150141849     
   53.100000000000001      -0.20403547291191068       0.99171308248789192     
   53.200000000000003      -0.21248500530739747       0.98697367969135974     
   53.300000000000004      -0.22079868143475934       0.98211010747866234     
   53.400000000000006      -0.22897440465680791       0.97712715443927667     
   53.500000000000000      -0.23701027512451089       0.97202962415206118     
   53.600000000000001      -0.24490458730470505       0.96682232623587139     
   53.700000000000003      -0.25265582708375700       0.96151006770541703     
   53.800000000000004      -0.26026266847575369       0.95609764465117097     
   53.900000000000006      -0.26772396996422471       0.95058983425971522     
   54.000000000000000      -0.27503877050682113       0.94499138718840103     
   54.100000000000001      -0.28220628523246483       0.93930702030580882     
   54.200000000000003      -0.28922590086039768       0.93354140980719036     
   54.300000000000004      -0.29609717087036969       0.92769918471177049     
   54.400000000000006      -0.30281981045277540       0.92178492074666374     
   54.500000000000000      -0.30939369126699456       0.91580313462009455     
   54.600000000000001      -0.31581883603556499       0.90975827868462222     
   54.700000000000003      -0.32209541300091787       0.90365473598932722     
   54.800000000000004      -0.32822373027060336       0.89749681571810525     
   54.900000000000006      -0.33420423007586453       0.89128874900971300     
   55.000000000000000      -0.34003748296736752       0.88503468515371975     
   55.100000000000001      -0.34572418197074750       0.87873868815520939     
   55.200000000000003      -0.35126513672344795       0.87240473365987847     
   55.300000000000004      -0.35666126761308398       0.86603670623011175     
   55.400000000000006      -0.36191359993630329       0.85963839696169431     
   55.500000000000000      -0.36702325809586012       0.85321350142996888     
   55.600000000000001      -0.37199145985230503       0.84676561795358218     
   55.700000000000003      -0.37681951064542013       0.84029824616338600     
   55.800000000000004      -0.38150879799928705       0.83381478586353108     
   55.900000000000006      -0.38606078602357258       0.82731853617149909     
   56.000000000000000      -0.39047701002243079       0.82081269492348374     
   56.100000000000001      -0.39475907122121995       0.81430035833136438     
   56.200000000000003      -0.39890863162002743       0.80778452087747088     
   56.300000000000004      -0.40292740898195722       0.80126807543322154     
   56.400000000000006      -0.40681717196298622       0.79475381358786790     
   56.500000000000000      -0.41057973538921250       0.78824442617363999     
   56.600000000000001      -0.41421695568632255       0.78174250397379308     
   56.700000000000003      -0.41773072646519022       0.77525053860028137     
   56.800000000000004      -0.42112297426664663       0.76877092352805176     
   56.900000000000006      -0.42439565446763361       0.76230595527330558     
   57.000000000000000      -0.42755074735020365       0.75585783470339329     
   57.100000000000001      -0.43059025433410880       0.74942866846642042     
   57.200000000000003      -0.43351619437306532       0.74302047052905484     
   57.300000000000004      -0.43633060051418371       0.73663516381144589     
   57.400000000000006      -0.43903551661949003       0.73027458190863115     
   57.500000000000000      -0.44163299424796909       0.72394047088825952     
   57.600000000000001      -0.44412508969610909       0.71763449115492584     
   57.700000000000003      -0.44651386119449527       0.71135821937192723     
   57.800000000000004      -0.44880136625767281       0.70511315043166300     
   57.900000000000006      -0.45098965918414535       0.69890069946643740     
   58.000000000000000      -0.45308078870311003       0.69272220389187689     
   58.100000000000001      -0.45507679576428373       0.68657892547563837     
   58.200000000000003      -0.45697971146696958       0.68047205242454889     
   58.300000000000004      -0.45879155512433523       0.67440270148377424     
   58.400000000000006      -0.46051433245873552       0.66837192004206125     
   58.500000000000000      -0.46215003392380211       0.66238068823749707     
   58.600000000000001      -0.46370063314893006       0.65642992105869458     
   58.700000000000003      -0.46516808550174110       0.65052047043665506     
   58.800000000000004      -0.46655432676405456       0.64465312732301250     
   58.900000000000006      -0.46786127191689519       0.63882862375065963     
   59.000000000000000      -0.46909081403005365       0.63304763487318916     
   59.100000000000001      -0.47024482325175176       0.62731078097985726     
   59.200000000000003      -0.47132514589398655       0.62161862948315394     
   59.300000000000004      -0.47233360360919457       0.61597169687630859     
   59.400000000000006      -0.47327199265391617       0.61037045065843298     
   59.500000000000000      -0.47414208323524099       0.60481531122518672     
   59.600000000000001      -0.47494561893587411       0.59930665372319192     
   59.700000000000003      -0.47568431621376978       0.59384480986660626     
   59.800000000000004      -0.47635986397237062       0.58843006971453127     
   59.900000000000006      -0.47697392319759851       0.58306268340811473     
   60.000000000000000      -0.47752812665784727       0.57774286286643250     
   60.100000000000001      -0.47802407866334540       0.57247078344041491     
   60.200000000000003      -0.47846335488137326       0.56724658552423146     
   60.300000000000004      -0.47884750220393213       0.56207037612374400     
   60.400000000000006      -0.47917803866459141       0.55694223038174318     
   60.500000000000000      -0.47945645340135223       0.55186219305987239     
   60.600000000000001      -0.47968420666249428       0.54683027997720313     
   60.700000000000003      -0.47986272985248846       0.54184647940560116     
   60.800000000000004      -0.47999342561518282       0.53691075342206951     
   60.900000000000006      -0.48007766795158435       0.53202303921840977     
   61.000000000000000      -0.48011680236967941       0.52718325036855140     
   61.100000000000001      -0.48011214606385078       0.52239127805405594     
   61.200000000000003      -0.48006498812156279       0.51764699224831201     
   61.300000000000004      -0.47997658975509716       0.51295024286001867     
   61.400000000000006      -0.47984818455623168       0.50830086083661141     
   61.500000000000000      -0.47968097877185800       0.50369865922832835     
   61.600000000000001      -0.47947615159863988       0.49914343421365320     
   61.700000000000003      -0.47923485549491301       0.49463496608690488     
   61.800000000000004      -0.47895821650812126       0.49017302020877407     
   61.900000000000006      -0.47864733461618264       0.48575734792065506     
   62.000000000000000      -0.47830328408126582       0.48138768742357935     
   62.100000000000001      -0.47792711381454422       0.47706376462265743     
   62.200000000000003      -0.47751984775058182       0.47278529393787722     
   62.300000000000004      -0.47708248523008384       0.46855197908215440     
   62.400000000000006      -0.47661600138982002       0.46436351380751850     
   62.500000000000000      -0.47612134755860969       0.46021958262033036     
   62.600000000000001      -0.47559945165831924       0.45611986146642103     
   62.700000000000003      -0.47505121860890059       0.45206401838704846     
   62.800000000000004      -0.47447753073655474       0.44805171414653777     
   62.900000000000006      -0.47387924818417321       0.44408260283250356     
   63.000000000000000      -0.47325720932326604       0.44015633242950764     
   63.100000000000001      -0.47261223116664164       0.43627254536701965     
   63.200000000000003      -0.47194510978115700       0.43243087904252431     
   63.300000000000004      -0.47125662069990787       0.42863096632060343     
   63.400000000000006      -0.47054751933327532       0.42487243600882552     
   63.500000000000000      -0.46981854137829387       0.42115491331123361     
   63.600000000000001      -0.46907040322584370       0.41747802026023051     
   63.700000000000003      -0.46830380236521718       0.41384137612763483     
   63.800000000000004      -0.46751941778564360       0.41024459781565703     
   63.900000000000006      -0.46671791037439120       0.40668730022853522     
   64.000000000000000      -0.46589992331110908       0.40316909662556527     
   64.100000000000009      -0.46506608245808778       0.39968959895620337     
   64.200000000000003      -0.46421699674616845       0.39624841817795614     
   64.299999999999997      -0.46335325855603532       0.39284516455769392     
   64.400000000000006      -0.46247544409467772       0.38947944795706319     
   64.500000000000000      -0.46158411376681113       0.38615087810260873     
   64.600000000000009      -0.46067981254108459       0.38285906484121990     
   64.700000000000003      -0.45976307031092106       0.37960361838150947     
   64.799999999999997      -0.45883440224984973       0.37638414952167465     
   64.900000000000006      -0.45789430916122165       0.37320026986441951     
   65.000000000000000      -0.45694327782220928       0.37005159201947008     
   65.100000000000009      -0.45598178132200523       0.36693772979419226     
   65.200000000000003      -0.45501027939416361       0.36385829837284700     
   65.299999999999997      -0.45402921874302404       0.36081291448493269     
   65.400000000000006      -0.45303903336418860       0.35780119656311676     
   65.500000000000000      -0.45204014485902366       0.35482276489119779     
   65.600000000000009      -0.45103296274317267       0.35187724174253227     
   65.700000000000003      -0.45001788474908005       0.34896425150936372     
   65.799999999999997      -0.44899529712253089       0.34608342082344745     
   65.900000000000006      -0.44796557491322442       0.34323437866837569     
   66.000000000000000      -0.44692908225940353       0.34041675648397085     
   66.100000000000009      -0.44588617266657554       0.33763018826312313     
   66.200000000000003      -0.44483718928035981       0.33487431064141293     
   66.299999999999997      -0.44378246515350872       0.33214876297986007     
   66.400000000000006      -0.44272232350715396       0.32945318744112473     
   66.500000000000000      -0.44165707798633314       0.32678722905947422     
   66.600000000000009      -0.44058703290985590       0.32415053580480385     
   66.700000000000003      -0.43951248351457800       0.32154275864101667     
   66.799999999999997      -0.43843371619414900       0.31896355157902290     
   66.900000000000006      -0.43735100873230576       0.31641257172463333     
   67.000000000000000      -0.43626463053079034       0.31388947932160238     
   67.100000000000009      -0.43517484283196217       0.31139393779004987     
   67.200000000000003      -0.43408189893619459       0.30892561376052358     
   67.299999999999997      -0.43298604441412597       0.30648417710389136     
   67.400000000000006      -0.43188751731385738       0.30406930095730711     
   67.500000000000000      -0.43078654836318075       0.30168066174644925     
   67.600000000000009      -0.42968336116691525       0.29931793920421174     
   67.700000000000003      -0.42857817239944890       0.29698081638606161     
   67.799999999999997      -0.42747119199256600       0.29466897968222511     
   67.900000000000006      -0.42636262331865105       0.29238211882688653     
   68.000000000000000      -0.42525266336935641       0.29011992690455751     
   68.100000000000009      -0.42414150292981934       0.28788210035377437     
   68.200000000000003      -0.42302932674852284       0.28566833896828725     
   68.299999999999997      -0.42191631370288118       0.28347834589586496     
   68.400000000000006      -0.42080263696064168       0.28131182763487306     
   68.500000000000000      -0.41968846413718947       0.27916849402874155     
   68.600000000000009      -0.41857395744884052       0.27704805825845985     
   68.700000000000003      -0.41745927386221149       0.27495023683321218     
   68.799999999999997      -0.41634456523974717       0.27287474957926616     
   68.900000000000006      -0.41522997848149368       0.27082131962722988     
   69.000000000000000      -0.41411565566320352       0.26878967339778431     
   69.100000000000009      -0.41300173417084346       0.26677954058597103     
   69.200000000000003      -0.41188834683160364       0.26479065414415870     
   69.299999999999997      -0.41077562204147339       0.26282275026375423     
   69.400000000000006      -0.40966368388947161       0.26087556835575731     
   69.500000000000000      -0.40855265227860826       0.25894885103023690     
   69.600000000000009      -0.40744264304365180       0.25704234407480503     
   69.700000000000003      -0.40633376806578203       0.25515579643216774     
   69.799999999999997      -0.40522613538419761       0.25328896017681440     
   69.900000000000006      -0.40411984930475892       0.25144159049092385     
   70.000000000000000      -0.40301501050573318       0.24961344563954410     
   70.100000000000009      -0.40191171614071053       0.24780428694510179     
   70.200000000000003      -0.40081005993876934       0.24601387876131164     
   70.299999999999997      -0.39971013230194985       0.24424198844652911     
   70.400000000000006      -0.39861202040010540       0.24248838633659961     
   70.500000000000000      -0.39751580826320321       0.24075284571726227     
   70.600000000000009      -0.39642157687112722       0.23903514279613997     
   70.700000000000003      -0.39532940424105900       0.23733505667437754     
   70.799999999999997      -0.39423936551248545       0.23565236931794989     
   70.900000000000006      -0.39315153302990480       0.23398686552869780     
   71.000000000000000      -0.39206597642328328       0.23233833291511888     
   71.100000000000009      -0.39098276268632121       0.23070656186294955     
   71.200000000000003      -0.38990195625258833       0.22909134550557644     
   71.299999999999997      -0.38882361906957913       0.22749247969430322     
   71.400000000000006      -0.38774781067074360       0.22590976296850565     
   71.500000000000000      -0.38667458824555101       0.22434299652570563     
   71.600000000000009      -0.38560400670762840       0.22279198419158322     
   71.700000000000003      -0.38453611876103461       0.22125653238996021     
   71.799999999999997      -0.38347097496471033       0.21973645011277171     
   71.900000000000006      -0.38240862379516055       0.21823154889005564     
   72.000000000000000      -0.38134911170740732       0.21674164275997160     
   72.100000000000009      -0.38029248319426745       0.21526654823887867     
   72.200000000000003      -0.37923878084399149       0.21380608429148087     
   72.299999999999997      -0.37818804539631484       0.21236007230106607     
   72.400000000000006      -0.37714031579695856       0.21092833603984873     
   72.500000000000000      -0.37609562925062395       0.20951070163943569     
   72.600000000000009      -0.37505402127251897       0.20810699756142353     
   72.700000000000003      -0.37401552573845953       0.20671705456814846     
   72.799999999999997      -0.37298017493357905       0.20534070569359278     
   72.900000000000006      -0.37194799959969033       0.20397778621446844     
   73.000000000000000      -0.37091902898132856       0.20262813362147744     
   73.100000000000009      -0.36989329087051737       0.20129158759076901     
   73.200000000000003      -0.36887081165029079       0.19996798995559845     
   73.299999999999997      -0.36785161633700103       0.19865718467819224     
   73.400000000000006      -0.36683572862145203       0.19735901782183571     
   73.500000000000000      -0.36582317090888539       0.19607333752318429     
   73.600000000000009      -0.36481396435785041       0.19479999396480391     
   73.700000000000003      -0.36380812891799247       0.19353883934795296     
   73.799999999999997      -0.36280568336678387       0.19228972786560405     
   73.900000000000006      -0.36180664534523072       0.19105251567571571     
   74.000000000000000      -0.36081103139258180       0.18982706087475654     
   74.100000000000009      -0.35981885698006544       0.18861322347148385     
   74.200000000000003      -0.35883013654368373       0.18741086536098459     
   74.299999999999997      -0.35784488351608895       0.18621985029897836     
   74.400000000000006      -0.35686311035756602       0.18504004387638692     
   74.500000000000000      -0.35588482858614795       0.18387131349417185     
   74.600000000000009      -0.35491004880688498       0.18271352833844168     
   74.700000000000003      -0.35393878074029511       0.18156655935583352     
   74.799999999999997      -0.35297103325001294       0.18043027922916560     
   74.900000000000006      -0.35200681436966441       0.17930456235336642     
   75.000000000000000      -0.35104613132898632       0.17818928481168017     
   75.100000000000009      -0.35008899057920845       0.17708432435214536     
   75.200000000000003      -0.34913539781772562       0.17598956036435331     
   75.299999999999997      -0.34818535801207162       0.17490487385648079     
   75.400000000000006      -0.34723887542322035       0.17383014743260136     
   75.500000000000000      -0.34629595362823051       0.17276526527027311     
   75.600000000000009      -0.34535659554224857       0.17171011309839893     
   75.700000000000003      -0.34442080343989506       0.17066457817536690     
   75.799999999999997      -0.34348857897604484       0.16962854926746210     
   75.900000000000006      -0.34255992320601941       0.16860191662755114     
   76.000000000000000      -0.34163483660521227       0.16758457197404303     
   76.100000000000009      -0.34071331908815511       0.16657640847011651     
   76.200000000000003      -0.33979537002704679       0.16557732070322004     
   76.299999999999997      -0.33888098826975677       0.16458720466483856     
   76.400000000000006      -0.33797017215731856       0.16360595773052775     
   76.500000000000000      -0.33706291954092821       0.16263347864021307     
   76.600000000000009      -0.33615922779845780       0.16166966747875078     
   76.700000000000003      -0.33525909385050306       0.16071442565675165     
   76.800000000000011      -0.33436251417597357       0.15976765589166372     
   76.900000000000006      -0.33346948482723798       0.15882926218910937     
   77.000000000000000      -0.33258000144484257       0.15789914982448300     
   77.100000000000009      -0.33169405927180573       0.15697722532479563     
   77.200000000000003      -0.33081165316750855       0.15606339645077441     
   77.300000000000011      -0.32993277762118711       0.15515757217920775     
   77.400000000000006      -0.32905742676504107       0.15425966268553881     
   77.500000000000000      -0.32818559438696571       0.15336957932669956     
   77.600000000000009      -0.32731727394292170       0.15248723462418898     
   77.700000000000003      -0.32645245856895078       0.15161254224738929     
   77.800000000000011      -0.32559114109284432       0.15074541699711599     
   77.900000000000006      -0.32473331404548123       0.14988577478940548     
   78.000000000000000      -0.32387896967183721       0.14903353263953098     
   78.100000000000009      -0.32302809994167903       0.14818860864624850     
   78.200000000000003      -0.32218069655995052       0.14735092197626806     
   78.300000000000011      -0.32133675097685949       0.14652039284894908     
   78.400000000000006      -0.32049625439767471       0.14569694252121712     
   78.500000000000000      -0.31965919779223789       0.14488049327269709     
   78.600000000000009      -0.31882557190420274       0.14407096839106409     
   78.700000000000003      -0.31799536726000588       0.14326829215760675     
   78.800000000000011      -0.31716857417757777       0.14247238983300073     
   78.900000000000006      -0.31634518277480017       0.14168318764329010     
   79.000000000000000      -0.31552518297771937       0.14090061276607463     
   79.100000000000009      -0.31470856452851870       0.14012459331689914     
   79.200000000000003      -0.31389531699326062       0.13935505833584347     
   79.300000000000011      -0.31308542976940062       0.13859193777430948     
   79.400000000000006      -0.31227889209308307       0.13783516248200281     
   79.500000000000000      -0.31147569304622391       0.13708466419410847     
   79.600000000000009      -0.31067582156338264       0.13634037551865352     
   79.700000000000003      -0.30987926643843716       0.13560222992406065     
   79.800000000000011      -0.30908601633105698       0.13487016172688207     
   79.900000000000006      -0.30829605977299074       0.13414410607972110     
   80.000000000000000      -0.30750938517416360       0.13342399895932791     
   80.100000000000009      -0.30672598082859670       0.13270977715487628     
   80.200000000000003      -0.30594583492015093       0.13200137825641425     
   80.300000000000011      -0.30516893552809921       0.13129874064348676     
   80.400000000000006      -0.30439527063253330       0.13060180347392816     
   80.500000000000000      -0.30362482811961033       0.12991050667282364     
   80.600000000000009      -0.30285759578663907       0.12922479092163297     
   80.700000000000003      -0.30209356134701948       0.12854459764748172     
   80.800000000000011      -0.30133271243502757       0.12786986901260755     
   80.900000000000006      -0.30057503661046087       0.12720054790396934     
   81.000000000000000      -0.29982052136314169       0.12653657792300971     
   81.100000000000009      -0.29906915411728363       0.12587790337557139     
   81.200000000000003      -0.29832092223572737       0.12522446926196651     
   81.300000000000011      -0.29757581302404590       0.12457622126719337     
   81.400000000000006      -0.29683381373452522       0.12393310575130126     
   81.500000000000000      -0.29609491157002349       0.12329506973989990     
   81.600000000000009      -0.29535909368771024       0.12266206091481098     
   81.700000000000003      -0.29462634720269359       0.12203402760486218     
   81.800000000000011      -0.29389665919153124       0.12141091877681687     
   81.900000000000006      -0.29317001669563619       0.12079268402644282     
   82.000000000000000      -0.29244640672457561       0.12017927356971439     
   82.100000000000009      -0.29172581625926508       0.11957063823414621     
   82.200000000000003      -0.29100823225506584       0.11896672945025920     
   82.300000000000011      -0.29029364164478128       0.11836749924317248     
   82.400000000000006      -0.28958203134156246       0.11777290022432470     
   82.500000000000000      -0.28887338824171926       0.11718288558331766     
   82.600000000000009      -0.28816769922744212       0.11659740907988318     
   82.700000000000003      -0.28746495116943938       0.11601642503597223     
   82.800000000000011      -0.28676513092948597       0.11543988832796009     
   82.900000000000006      -0.28606822536289406       0.11486775437897163     
   83.000000000000000      -0.28537422132090223       0.11429997915132081     
   83.100000000000009      -0.28468310565298521       0.11373651913906269     
   83.200000000000003      -0.28399486520909190       0.11317733136065947     
   83.300000000000011      -0.28330948684180651       0.11262237335175464     
   83.400000000000006      -0.28262695740844102       0.11207160315805731     
   83.500000000000000      -0.28194726377305601       0.11152497932833139     
   83.600000000000009      -0.28127039280841559       0.11098246090749143     
   83.700000000000003      -0.28059633139787765       0.11044400742980227     
   83.800000000000011      -0.27992506643721743       0.10990957891217834     
   83.900000000000006      -0.27925658483639215       0.10937913584758557     
   84.000000000000000      -0.27859087352124395       0.10885263919854120     
   84.100000000000009      -0.27792791943514483       0.10833005039071035     
   84.200000000000003      -0.27726770954058511       0.10781133130659956     
   84.300000000000011      -0.27661023082070468       0.10729644427934250     
   84.400000000000006      -0.27595547028077416       0.10678535208658128     
   84.500000000000000      -0.27530341494962002       0.10627801794443616     
   84.600000000000009      -0.27465405188100178       0.10577440550156732     
   84.700000000000003      -0.27400736815493804       0.10527447883332371     
   84.800000000000011      -0.27336335087898622       0.10477820243598013     
   84.900000000000006      -0.27272198718947449       0.10428554122105915     
   85.000000000000000      -0.27208326425268842       0.10379646050973769     
   85.100000000000009      -0.27144716926601520       0.10331092602733713     
   85.200000000000003      -0.27081368945904388       0.10282890389789522     
   85.300000000000011      -0.27018281209462303       0.10235036063881681     
   85.400000000000006      -0.26955452446988082       0.10187526315560645     
   85.500000000000000      -0.26892881391720425       0.10140357873667771     
   85.600000000000009      -0.26830566780517923       0.10093527504823818     
   85.700000000000003      -0.26768507353949683       0.10047032012925269     
   85.800000000000011      -0.26706701856381976       0.10000868238647802     
   85.900000000000006      -0.26645149036061727        9.9550330589573244E-002
   86.000000000000000      -0.26583847645196418        9.9095233866280955E-002
   86.100000000000009      -0.26522796440030688        9.8643361697678955E-002
   86.200000000000003      -0.26461994180919979        9.8194683913504097E-002
   86.300000000000011      -0.26401439632400647        9.7749170687541478E-002
   86.400000000000006      -0.26341131563257469        9.7306792533084233E-002
   86.500000000000000      -0.26281068746588004        9.6867520298458770E-002
   86.600000000000009      -0.26221249959864096        9.6431325162615308E-002
   86.700000000000003      -0.26161673984990735        9.5998178630783568E-002
   86.800000000000011      -0.26102339608362146        9.5568052530191863E-002
   86.900000000000006      -0.26043245620915195        9.5140919005848076E-002
   87.000000000000000      -0.25984390818180508        9.4716750516383591E-002
   87.100000000000009      -0.25925774000330837        9.4295519829956209E-002
   87.200000000000003      -0.25867393972227293        9.3877200020214116E-002
   87.300000000000011      -0.25809249543463064        9.3461764462317576E-002
   87.400000000000006      -0.25751339528405048        9.3049186829019109E-002
   87.500000000000000      -0.25693662746233120        9.2639441086799793E-002
   87.600000000000009      -0.25636218020977514        9.2232501492062691E-002
   87.700000000000003      -0.25579004181553971        9.1828342587380651E-002
   87.800000000000011      -0.25522020061796874        9.1426939197798068E-002
   87.900000000000006      -0.25465264500490636        9.1028266427186963E-002
   88.000000000000000      -0.25408736341399052        9.0632299654655593E-002
   88.100000000000009      -0.25352434433292786        9.0239014531007494E-002
   88.200000000000003      -0.25296357629975319        8.9848386975253505E-002
   88.300000000000011      -0.25240504790306928        8.9460393171172520E-002
   88.400000000000006      -0.25184874778227123        8.9075009563921961E-002
   88.500000000000000      -0.25129466462775546        8.8692212856697594E-002
   88.600000000000009      -0.25074278718111082        8.8311980007439880E-002
   88.700000000000003      -0.25019310423529717        8.7934288225588936E-002
   88.800000000000011      -0.24964560463480726        8.7559114968884702E-002
   88.900000000000006      -0.24910027727581527        8.7186437940213551E-002
   89.000000000000000      -0.24855711110631157        8.6816235084499677E-002
   89.100000000000009      -0.24801609512622333        8.6448484585640209E-002
   89.200000000000003      -0.24747721838752371        8.6083164863485245E-002
   89.300000000000011      -0.24694046999432637        8.5720254570859272E-002
   89.400000000000006      -0.24640583910296956        8.5359732590625723E-002
   89.500000000000000      -0.24587331492208755        8.5001578032793096E-002
   89.600000000000009      -0.24534288671267068        8.4645770231661754E-002
   89.700000000000003      -0.24481454378811501        8.4292288743011479E-002
   89.800000000000011      -0.24428827551426024        8.3941113341328130E-002
   89.900000000000006      -0.24376407130941766        8.3592224017069727E-002
   90.000000000000000      -0.24324192064438857        8.3245600973971365E-002
   90.100000000000009      -0.24272181304247256        8.2901224626387673E-002
   90.200000000000003      -0.24220373807946594        8.2559075596672235E-002
   90.300000000000011      -0.24168768538365135        8.2219134712594344E-002
   90.400000000000006      -0.24117364463577987        8.1881383004792349E-002
   90.500000000000000      -0.24066160556904209        8.1545801704261067E-002
   90.600000000000009      -0.24015155796903292        8.1212372239875971E-002
   90.700000000000003      -0.23964349167370805        8.0881076235951033E-002
   90.800000000000011      -0.23913739657333186        8.0551895509830745E-002
   90.900000000000006      -0.23863326261041931        8.0224812069515858E-002
   91.000000000000000      -0.23813107977966896        7.9899808111321607E-002
   91.100000000000009      -0.23763083812789065        7.9576866017569206E-002
   91.200000000000003      -0.23713252775392576        7.9255968354308801E-002
   91.300000000000011      -0.23663613880856033        7.8937097869073686E-002
   91.400000000000006      -0.23614166149443322        7.8620237488666381E-002
   91.500000000000000      -0.23564908606593785        7.8305370316974765E-002
   91.600000000000009      -0.23515840282911687        7.7992479632817927E-002
   91.700000000000003      -0.23466960214155344        7.7681548887822527E-002
   91.800000000000011      -0.23418267441225502        7.7372561704327672E-002
   91.900000000000006      -0.23369761010153386        7.7065501873319314E-002
   92.000000000000000      -0.23321439972087987        7.6760353352391356E-002
   92.100000000000009      -0.23273303383283206        7.6457100263736893E-002
   92.200000000000003      -0.23225350305084219        7.6155726892165154E-002
   92.300000000000011      -0.23177579803913587        7.5856217683146321E-002
   92.400000000000006      -0.23129990951256854        7.5558557240882673E-002
   92.500000000000000      -0.23082582823647732        7.5262730326406221E-002
   92.600000000000009      -0.23035354502652958        7.4968721855702233E-002
   92.700000000000003      -0.22988305074856666        7.4676516897857842E-002
   92.800000000000011      -0.22941433631844457        7.4386100673236227E-002
   92.900000000000006      -0.22894739270187059        7.4097458551674961E-002
   93.000000000000000      -0.22848221091423793        7.3810576050709634E-002
   93.100000000000009      -0.22801878202045484        7.3525438833820192E-002
   93.200000000000003      -0.22755709713477285        7.3242032708702151E-002
   93.300000000000011      -0.22709714742061013        7.2960343625560004E-002
   93.400000000000006      -0.22663892409037367        7.2680357675424412E-002
   93.500000000000000      -0.22618241840527772        7.2402061088491607E-002
   93.600000000000009      -0.22572762167515967        7.2125440232484989E-002
   93.700000000000003      -0.22527452525829386        7.1850481611038658E-002
   93.800000000000011      -0.22482312056120254        7.1577171862102801E-002
   93.900000000000006      -0.22437339903846484        7.1305497756369990E-002
   94.000000000000000      -0.22392535219252435        7.1035446195723176E-002
   94.100000000000009      -0.22347897157349214        7.0767004211702803E-002
   94.200000000000003      -0.22303424877895123        7.0500158963996279E-002
   94.300000000000011      -0.22259117545375656        7.0234897738946048E-002
   94.400000000000006      -0.22214974328983447        6.9971207948077846E-002
   94.500000000000000      -0.22170994402597979        6.9709077126648547E-002
   94.600000000000009      -0.22127176944765228        6.9448492932213085E-002
   94.700000000000003      -0.22083521138677095        6.9189443143210475E-002
   94.800000000000011      -0.22040026172150659        6.8931915657567899E-002
   94.900000000000006      -0.21996691237607396        6.8675898491323883E-002
   95.000000000000000      -0.21953515532052201        6.8421379777268976E-002
   95.100000000000009      -0.21910498257052313        6.8168347763604656E-002
   95.200000000000003      -0.21867638618716179        6.7916790812619587E-002
   95.300000000000011      -0.21824935827672082        6.7666697399383177E-002
   95.400000000000006      -0.21782389099046859        6.7418056110456176E-002
   95.500000000000000      -0.21739997652444379        6.7170855642618446E-002
   95.600000000000009      -0.21697760711924008        6.6925084801612592E-002
   95.700000000000003      -0.21655677505979004        6.6680732500904713E-002
   95.800000000000011      -0.21613747267514832        6.6437787760460720E-002
   95.900000000000006      -0.21571969233827373        6.6196239705538465E-002
   96.000000000000000      -0.21530342646581188        6.5956077565496166E-002
   96.100000000000009      -0.21488866751787555        6.5717290672615072E-002
   96.200000000000003      -0.21447540799782702        6.5479868460938798E-002
   96.300000000000011      -0.21406364045205781        6.5243800465126359E-002
   96.400000000000006      -0.21365335746976893        6.5009076319320486E-002
   96.500000000000000      -0.21324455168275117        6.4775685756030502E-002
   96.600000000000009      -0.21283721576516434        6.4543618605029288E-002
   96.700000000000003      -0.21243134243331754        6.4312864792265001E-002
   96.800000000000011      -0.21202692444544791        6.4083414338785713E-002
   96.900000000000006      -0.21162395460150010        6.3855257359678799E-002
   97.000000000000000      -0.21122242574290545        6.3628384063023014E-002
   97.100000000000009      -0.21082233075236115        6.3402784748854510E-002
   97.200000000000003      -0.21042366255360959        6.3178449808145840E-002
   97.300000000000011      -0.21002641411121753        6.2955369721797647E-002
   97.400000000000006      -0.20963057843035532        6.2733535059643561E-002
   97.500000000000000      -0.20923614855657655        6.2512936479467332E-002
   97.600000000000009      -0.20884311757559784        6.2293564726032799E-002
   97.700000000000003      -0.20845147861307858        6.2075410630125581E-002
   97.800000000000011      -0.20806122483440065        6.1858465107607202E-002
   97.900000000000006      -0.20767234944444993        6.1642719158481366E-002
   98.000000000000000      -0.20728484568739525        6.1428163865970872E-002
   98.100000000000009      -0.20689870684647113        6.1214790395607836E-002
   98.200000000000003      -0.20651392624375797        6.1002589994333653E-002
   98.300000000000011      -0.20613049723996432        6.0791553989611190E-002
   98.400000000000006      -0.20574841323420925        6.0581673788547986E-002
   98.500000000000000      -0.20536766766380404        6.0372940877029754E-002
   98.600000000000009      -0.20498825400403584        6.0165346818865401E-002
   98.700000000000003      -0.20461016576795185        5.9958883254942676E-002
   98.800000000000011      -0.20423339650614245        5.9753541902393709E-002
   98.900000000000006      -0.20385793980652567        5.9549314553771042E-002
   99.000000000000000      -0.20348378929413358        5.9346193076234781E-002
   99.100000000000009      -0.20311093863089635        5.9144169410748126E-002
   99.200000000000003      -0.20273938151543017        5.8943235571284724E-002
   99.300000000000011      -0.20236911168282304        5.8743383644044127E-002
   99.400000000000006      -0.20200012290442293        5.8544605786678090E-002
   99.500000000000000      -0.20163240898762597        5.8346894227525654E-002
   99.600000000000009      -0.20126596377566472        5.8150241264857884E-002
   99.700000000000003      -0.20090078114739907        5.7954639266132250E-002
   99.800000000000011      -0.20053685501710514        5.7760080667255256E-002
   99.900000000000006      -0.20017417933426690        5.7566557971854740E-002
   100.00000000000000      -0.19981274808336838        5.7374063750561241E-002
