  0.10000000000000001        6.1195407666557171E-002
  0.20000000000000001       0.12261977051206555     
  0.30000000000000004       0.18450290032344691     
  0.40000000000000002       0.24707632530845858     
  0.50000000000000000       0.31057415633033886     
  0.60000000000000009       0.37523396280514343     
  0.70000000000000007       0.44129766153883659     
  0.80000000000000004       0.50901242182961415     
  0.90000000000000002       0.57863159022178712     
   1.0000000000000000       0.65041563837108018     
   1.1000000000000001       0.71990815871644254     
   1.2000000000000002       0.78201156564067265     
   1.3000000000000000       0.83608843183857051     
   1.4000000000000001       0.88158371415225900     
   1.5000000000000000       0.91803045051571330     
   1.6000000000000001       0.94505455283789175     
   1.7000000000000002       0.96237864663047201     
   1.8000000000000000       0.96982491797038395     
   1.9000000000000001       0.96731693857600731     
   2.0000000000000000       0.95488045026451485     
   2.1000000000000001       0.93264310073871615     
   2.2000000000000002       0.90083313341527804     
   2.3000000000000003       0.85977704474187844     
   2.4000000000000004       0.80989623304851621     
   2.5000000000000000       0.75170267332905438     
   2.6000000000000001       0.68579366234689243     
   2.7000000000000002       0.61284568800083428     
   2.8000000000000003       0.53360748587577167     
   2.9000000000000004       0.44889235424551877     
   3.0000000000000000       0.35956980640635261     
   3.1000000000000001       0.26655664602142970     
   3.2000000000000002       0.17080755707845247     
   3.3000000000000003        7.3305305044936098E-002
   3.4000000000000004       -2.4949350203891940E-002
   3.5000000000000000      -0.12294792615120320     
   3.6000000000000001      -0.21968456866961228     
   3.7000000000000002      -0.31416637607451664     
   3.8000000000000003      -0.40542359023399943     
   3.9000000000000004      -0.49251955013407400     
   4.0000000000000000      -0.57456030573620742     
   4.1000000000000005      -0.65070379345081730     
   4.2000000000000002      -0.72016847904997083     
   4.2999999999999998      -0.78224137930873805     
   4.4000000000000004      -0.83628538004132080     
   4.5000000000000000      -0.88174577541988453     
   4.6000000000000005      -0.91815596145674816     
   4.7000000000000002      -0.94514222521220703     
   4.8000000000000007      -0.96242758057173106     
   4.9000000000000004      -0.96983461122223957     
   5.0000000000000000      -0.96728729164724436     
   5.1000000000000005      -0.95481176745022500     
   5.2000000000000002      -0.93253608699702339     
   5.3000000000000007      -0.90068888713167106     
   5.4000000000000004      -0.85959704645542001     
   5.5000000000000000      -0.80968233025563796     
   5.6000000000000005      -0.75145706152091396     
   5.7000000000000002      -0.68551886247492899     
   5.8000000000000007      -0.61254452060180253     
   5.9000000000000004      -0.53328304212184929     
   6.0000000000000000      -0.44854796421661591     
   6.1000000000000005      -0.35920900491028135     
   6.2000000000000002      -0.26618313631275964     
   6.3000000000000007      -0.17042517284842168     
   6.4000000000000004       -7.2917971072577026E-002
   6.5000000000000000        2.5337658335556346E-002
   6.6000000000000005       0.12333322286041287     
   6.7000000000000002       0.22006289928374434     
   6.8000000000000007       0.31453385742071988     
   6.9000000000000004       0.40577645049594507     
   7.0000000000000000       0.49285416756575745     
   7.1000000000000005       0.57487324583542954     
   7.2000000000000002       0.65099184421079648     
   7.3000000000000007       0.72042868392727821     
   7.4000000000000004       0.78247106756915830     
   7.5000000000000000       0.83648219417217973     
   7.6000000000000005       0.88190769532748403     
   7.7000000000000002       0.91828132520053540     
   7.8000000000000007       0.94522974606288179     
   7.9000000000000004       0.96247636021818972     
   8.0000000000000000       0.96984414899181182     
   8.0999999999999996       0.96725748964458025     
   8.2000000000000011       0.95474293156208945     
   8.3000000000000007       0.93242892375268527     
   8.4000000000000004       0.90054449645110979     
   8.5000000000000000       0.85941691035978285     
   8.5999999999999996       0.80946829765582562     
   8.7000000000000011       0.75121132924041911     
   8.8000000000000007       0.68524395270171345     
   8.9000000000000004       0.61224325500064547     
   9.0000000000000000       0.53295851287287044     
   9.0999999999999996       0.44820350227724381     
   9.2000000000000011       0.35884814582641650     
   9.3000000000000007       0.26580958393004872     
   9.4000000000000004       0.17004276129610829     
   9.5000000000000000        7.2530625410129668E-002
   9.6000000000000014       -2.5725962405131142E-002
   9.7000000000000011      -0.12371849979704408     
   9.8000000000000007      -0.22044119461775663     
   9.9000000000000004      -0.31490128834137288     
   10.000000000000000      -0.40612924570447917     
